00002 9
00003 2
00009 2
00012 9
00018 8
00022 8
00023 2
00031 2
00034 9
00037 9
00039 3
00040 2
00044 3
00045 3
00047 2
00048 9
00051 9
00052 9
00059 3
00060 3
00063 8
00068 8
00072 8
00076 3
00077 2
00079 9
00080 2
00084 8
00085 3
00087 2
00088 2
00095 9
00100 8
00102 2
00104 8
00106 3
00108 9
00109 2
00110 9
00113 3
00114 8
00116 3
00121 3
00122 3
00125 9
00127 8
00129 2
00133 2
00135 8
00138 3
00141 3
00142 2
00146 2
00150 9
00154 9
00155 8
00161 8
00162 3
00163 2
00167 8
00168 8
00172 9
00173 9
00175 3
00176 2
00177 2
00179 3
00180 8
00184 2
00186 2
00187 8
00189 8
00190 9
00191 9
00194 3
00196 2
00199 9
00209 9
00211 8
00212 9
00213 3
00215 2
00216 9
00220 2
00222 3
00225 2
00229 2
00232 2
00238 2
00240 2
00241 9
00244 2
00246 2
00247 8
00249 9
00251 9
00254 2
00255 3
00262 8
00265 8
00272 8
00275 8
00276 9
00281 9
00284 8
00285 3
00286 8
00295 9
00297 8
00298 2
00300 8
00306 9
00307 9
00310 8
00311 8
00316 2
00318 8
00320 8
00322 8
00323 2
00327 9
00334 3
00336 8
00340 8
00341 3
00346 9
00348 2
00350 9
00353 2
00354 2
00356 3
00357 3
00358 2
00367 3
00368 8
00370 9
00371 3
00374 2
00375 8
00376 8
00377 2
00379 9
00380 8
00381 9
00382 3
00383 3
00390 3
00398 9
00400 3
00403 9
00405 9
00406 3
00414 3
00425 8
00427 8
00428 9
00430 8
00434 9
00442 9
00443 9
00446 9
00454 3
00457 2
00459 8
00462 8
00464 2
00465 2
00466 9
00468 9
00471 8
00473 3
00476 3
00479 2
00480 2
00484 9
00486 9
00490 8
00491 8
00493 8
00497 8
00499 2
00500 3
00501 3
00503 9
00505 2
00512 8
00517 2
00518 9
00519 2
00520 9
00522 8
00524 2
00526 8
00528 8
00530 2
00533 2
00535 3
00537 8
00538 3
00541 3
00542 8
00543 2
00544 3
00546 2
00550 8
00554 2
00556 2
00557 8
00559 3
00560 3
00561 9
00563 9
00565 8
00567 3
00570 3
00571 8
00572 2
00573 2
00575 3
00577 8
00578 2
00582 8
00590 8
00593 2
00600 3
00601 9
00604 9
00607 8
00610 8
00612 9
00615 2
00616 9
00617 9
00618 8
00620 3
00622 2
00625 2
00627 8
00628 2
00633 8
00634 3
00638 8
00640 2
00645 8
00646 9
00647 2
00653 2
00657 2
00663 9
00665 3
00667 3
00668 3
00669 2
00670 3
00671 3
00672 8
00676 2
00677 3
00679 9
00681 2
00683 8
00685 3
00686 9
00689 9
00693 8
00695 3
00696 2
00699 9
00700 9
00702 3
00703 9
00705 2
00719 9
00720 8
00721 3
00726 9
00728 3
00730 9
00732 2
00733 3
00735 9
00737 9
00738 2
00741 2
00743 8
00744 2
00746 8
00747 2
00748 2
00752 9
00754 3
00755 9
00762 3
00766 3
00768 9
00769 3
00771 9
00774 2
00775 9
00779 2
00783 2
00787 8
00788 3
00790 8
00793 2
00794 8
00796 9
00801 2
00803 2
00804 2
00812 9
00816 8
00820 8
00827 9
00831 9
00838 8
00839 3
00841 9
00842 9
00844 9
00848 9
00856 8
00859 9
00861 8
00866 3
00869 3
00870 2
00873 8
00874 8
00881 3
00882 9
00884 3
00885 3
00886 3
00887 3
00889 8
00891 9
00895 2
00897 9
00907 8
00909 2
00910 9
00912 9
00914 9
00916 3
00917 8
00918 2
00919 3
00920 8
00924 8
00926 9
00927 2
00930 2
00931 2
00932 2
00933 2
00941 9
00944 9
00945 3
00952 2
00955 9
00958 8
00959 9
00963 8
00966 8
00968 3
00969 3
00971 3
00975 8
00981 3
00982 8
00985 9
00986 8
00988 8
00989 2
00991 3
00993 3
00995 9
01009 9
01010 2
01012 9
01013 8
01015 2
01017 8
01019 2
01020 3
01023 9
01024 3
01025 3
01026 9
01028 2
01032 3
01034 2
01035 8
01037 8
01038 3
01042 9
01044 9
01045 2
01046 9
01048 8
01049 3
01050 8
01059 9
01062 8
01064 2
01067 8
01069 3
01072 2
01076 3
01080 9
01083 3
01084 3
01085 3
01087 8
01088 9
01089 3
01092 3
01094 3
01095 8
01096 8
01098 9
01103 9
01105 8
01106 9
01113 9
01116 8
01117 2
01119 8
01120 8
01125 8
01126 3
01128 2
01133 3
01139 8
01142 3
01143 9
01146 2
01151 9
01153 2
01163 8
01165 8
01167 3
01168 8
01170 8
01172 2
01174 9
01177 9
01178 9
01179 9
01181 3
01185 8
01188 8
01189 8
01190 8
01192 8
01194 9
01196 2
01197 9
01201 9
01202 3
01205 2
01206 3
01209 3
01210 9
01216 8
01217 9
01223 8
01224 3
01226 2
01228 8
01232 2
01233 8
01234 9
01235 3
01236 9
01237 8
01239 3
01242 3
01244 8
01246 8
01248 9
01250 3
01253 3
01255 9
01256 9
01257 9
01258 8
01259 3
01266 9
01269 9
01270 2
01271 9
01280 9
01281 2
01283 3
01284 8
01285 8
01289 3
01291 2
01298 8
01299 2
01301 8
01304 9
01305 3
01306 2
01307 3
01313 2
01316 9
01318 8
01321 3
01324 9
01326 8
01329 2
01331 8
01334 9
01335 3
01337 8
01338 3
01342 2
01346 2
01350 2
01351 8
01353 9
01354 8
01355 8
01358 3
01359 2
01362 3
01363 9
01364 9
01371 9
01372 2
01376 8
01378 3
01383 2
01390 2
01397 9
01399 3
01402 2
01404 2
01408 8
01410 8
01411 2
01412 3
01413 8
01416 3
01417 9
01418 3
01419 8
01420 9
01422 9
01426 9
01428 3
01430 8
01432 8
01433 8
01435 9
01439 3
01440 2
01441 2
01442 2
01443 8
01445 8
01447 3
01449 9
01450 2
01451 8
01456 9
01459 3
01460 9
01464 8
01465 2
01466 2
01467 3
01471 3
01473 9
01474 2
01476 8
01477 2
01478 2
01481 8
01482 3
01483 3
01484 2
01486 3
01488 3
01497 2
01498 8
01499 3
01500 8
01504 9
01506 9
01510 3
01512 9
01516 8
01517 8
01518 2
01522 9
01523 9
01527 2
01528 9
01533 3
01538 2
01540 9
01547 9
01549 2
01550 3
01551 2
01553 9
01555 2
01557 8
01558 8
01559 9
01561 2
01563 3
01564 9
01567 9
01569 3
01573 9
01575 3
01577 9
01578 8
01579 3
01580 2
01585 8
01586 9
01595 2
01601 9
01602 2
01604 2
01606 3
01607 8
01608 9
01609 3
01611 9
01612 8
01613 8
01614 2
01615 3
01616 8
01625 8
01628 8
01630 2
01631 9
01636 3
01640 3
01645 9
01656 9
01657 2
01659 8
01660 9
01666 8
01668 9
01669 2
01673 2
01674 3
01675 2
01676 3
01679 2
01684 8
01685 2
01688 3
01689 8
01691 3
01692 3
01693 2
01697 2
01698 8
01701 3
01702 2
01706 8
01708 3
01710 2
01711 9
01712 2
01713 8
01714 3
01727 2
01728 9
01730 3
01731 8
01736 3
01741 9
01746 2
01747 2
01748 2
01750 8
01753 2
01754 9
01755 2
01758 9
01759 8
01761 8
01762 2
01768 2
01770 3
01771 8
01774 9
01778 9
01781 3
01783 3
01787 9
01788 3
01789 9
01791 2
01792 3
01794 2
01796 3
01797 3
01798 2
01799 2
01800 2
01801 3
01802 3
01804 8
01805 2
01806 9
01807 9
01808 2
01809 2
01810 8
01811 3
01813 9
01815 2
01816 3
01817 9
01819 8
01821 3
01832 9
01836 9
01837 2
01838 9
01841 2
01842 3
01843 3
01845 3
01849 3
01850 8
01852 3
01853 9
01860 9
01866 9
01867 3
01868 3
01869 3
01870 8
01872 3
01873 8
01878 9
01880 9
01881 3
01886 9
01893 3
01895 8
01900 3
01901 8
01902 2
01904 9
01905 9
01911 2
01915 3
01917 3
01918 2
01920 8
01929 3
01930 8
01933 8
01939 8
01941 8
01946 2
01949 2
01951 2
01954 2
01955 3
01957 8
01958 8
01959 3
01962 8
01967 8
01969 9
01971 9
01972 2
01973 9
01976 9
01977 2
01978 3
01979 2
01985 9
01987 2
01988 2
01998 8
01999 9
02001 3
02004 9
02008 3
02010 8
02011 2
02013 3
02017 2
02018 3
02021 9
02022 3
02023 2
02024 8
02026 8
02028 2
02030 3
02031 3
02035 3
02037 2
02040 9
02044 2
02045 8
02047 2
02048 9
02051 3
02053 2
02054 2
02055 9
02057 2
02059 3
02063 9
02074 9
02075 2
02080 3
02081 9
02082 8
02085 3
02089 3
02092 8
02095 8
02097 9
02098 8
02104 8
02105 8
02107 2
02108 3
02112 3
02113 2
02114 2
02117 8
02127 9
02131 3
02133 3
02136 8
02138 8
02139 2
02140 9
02145 9
02146 2
02148 9
02149 3
02150 3
02155 8
02157 2
02158 3
02163 8
02164 3
02165 9
02166 2
02169 3
02172 2
02175 3
02177 2
02179 2
02184 9
02188 2
02190 9
02194 3
02195 8
02196 9
02199 2
02206 8
02208 8
02209 2
02210 2
02211 2
02213 3
02216 3
02220 8
02221 3
02222 2
02223 8
02227 2
02229 8
02230 9
02231 9
02233 2
02234 8
02242 3
02246 3
02248 9
02249 9
02253 9
02255 9
02256 8
02257 2
02259 3
02262 8
02263 3
02266 8
02267 9
02268 9
02269 3
02270 3
02271 8
02272 9
02273 2
02274 9
02275 9
02277 9
02278 3
02285 9
02286 2
02287 2
02288 8
02293 9
02295 8
02296 2
02298 2
02302 9
02303 2
02304 8
02309 9
02310 8
02311 3
02313 9
02316 2
02320 8
02322 9
02324 3
02325 9
02326 2
02331 3
02332 2
02333 8
02334 8
02335 3
02338 2
02339 2
02340 2
02343 3
02345 8
02346 3
02351 2
02352 3
02354 8
02358 3
02360 3
02362 8
02363 9
02365 2
02366 8
02368 3
02369 2
02370 2
02373 2
02374 2
02375 9
02376 2
02380 3
02381 8
02382 3
02386 9
02388 9
02389 9
02395 2
02402 9
02404 8
02415 2
02417 8
02419 3
02422 8
02427 3
02432 3
02433 2
02435 3
02436 9
02438 9
02439 9
02444 8
02445 3
02446 9
02448 8
02450 3
02452 8
02454 2
02455 3
02456 2
02458 8
02466 2
02469 3
02474 9
02476 8
02478 9
02481 8
02482 8
02487 8
02488 8
02492 2
02495 2
02496 3
02498 2
02500 9
02502 9
02503 3
02505 3
02506 3
02507 3
02509 9
02510 3
02513 9
02517 3
02519 9
02522 9
02523 8
02524 2
02525 9
02528 3
02531 3
02532 9
02533 3
02534 8
02535 2
02536 3
02538 2
02542 8
02543 2
02544 9
02547 8
02548 9
02551 2
02557 2
02560 2
02564 8
02567 8
02568 3
02570 2
02571 8
02572 9
02575 3
02576 8
02578 2
02580 8
02581 9
02582 2
02584 9
02586 2
02587 9
02589 9
02591 2
02595 9
02596 9
02598 2
02600 2
02601 2
02604 3
02606 9
02609 3
02614 3
02615 8
02618 3
02622 3
02624 8
02626 8
02627 3
02628 2
02630 2
02631 9
02632 8
02633 3
02634 9
02635 3
02638 3
02640 2
02642 2
02643 3
02646 2
02649 9
02652 3
02653 2
02654 3
02656 2
02657 8
02658 2
02660 2
02662 2
02663 9
02664 3
02673 3
02675 9
02678 9
02681 8
02684 3
02686 9
02688 8
02693 9
02694 2
02696 3
02697 9
02699 2
02700 8
02705 9
02711 2
02714 9
02715 8
02717 2
02718 9
02719 9
02723 9
02727 2
02729 9
02730 3
02732 9
02735 2
02738 9
02739 8
02740 3
02745 3
02746 2
02748 3
02754 2
02756 9
02759 2
02760 8
02763 2
02764 9
02765 8
02766 9
02767 8
02769 3
02772 2
02773 3
02776 9
02777 9
02781 3
02786 9
02790 2
02791 3
02792 8
02794 9
02799 8
02800 3
02801 9
02803 2
02805 2
02808 3
02811 9
02814 9
02819 2
02827 8
02828 2
02829 3
02831 9
02832 2
02833 9
02834 2
02836 3
02838 3
02839 2
02843 8
02845 9
02846 9
02847 8
02851 8
02852 3
02853 8
02854 2
02855 2
02856 3
02859 2
02863 8
02865 2
02868 8
02872 8
02873 9
02878 8
02882 8
02884 9
02886 9
02888 9
02892 3
02894 8
02901 2
02903 2
02904 8
02907 9
02910 9
02911 8
02915 9
02919 3
02921 8
02924 2
02926 3
02927 2
02928 3
02932 3
02933 8
02936 3
02937 2
02938 2
02941 9
02942 8
02945 3
02946 9
02949 8
02955 8
02956 2
02961 8
02962 8
02963 8
02964 3
02965 3
02967 9
02970 8
02975 3
02976 8
02977 3
02981 9
02982 2
02983 9
02984 3
02985 3
02986 3
02989 8
02992 2
02994 9
02995 2
02996 3
03000 9
03001 8
03003 3
03004 2
03009 8
03016 8
03022 2
03024 3
03025 8
03027 9
03030 2
03037 9
03041 2
03043 8
03044 2
03047 3
03050 8
03054 2
03056 9
03059 9
03065 9
03066 9
03070 8
03071 3
03072 3
03077 3
03078 3
03080 8
03088 8
03090 8
03093 9
03097 9
03098 9
03101 3
03103 2
03106 2
03108 2
03109 3
03110 3
03120 2
03121 2
03128 9
03131 9
03133 3
03135 3
03136 8
03137 2
03139 2
03141 9
03142 2
03143 8
03145 3
03146 9
03147 9
03148 2
03154 3
03155 3
03156 2
03159 9
03162 3
03163 9
03170 9
03171 3
03174 9
03175 2
03177 2
03178 3
03180 9
03183 2
03184 3
03186 9
03189 2
03193 3
03194 3
03197 3
03199 3
03200 9
03203 9
03207 2
03208 8
03209 2
03214 8
03216 9
03217 3
03221 9
03223 2
03224 3
03227 3
03230 2
03232 2
03235 3
03236 9
03239 9
03241 8
03243 2
03245 2
03250 3
03251 3
03257 2
03258 2
03261 3
03269 3
03273 2
03276 9
03277 8
03279 3
03283 2
03287 9
03288 2
03293 8
03296 3
03297 8
03298 3
03300 8
03301 8
03304 2
03305 2
03309 9
03312 2
03313 2
03316 8
03317 9
03321 9
03324 8
03325 8
03326 2
03329 3
03330 8
03331 3
03332 8
03334 3
03336 3
03337 2
03338 2
03342 2
03343 3
03345 8
03346 8
03349 9
03351 9
03352 8
03353 8
03354 9
03359 3
03363 2
03365 2
03368 3
03369 3
03372 2
03374 8
03375 9
03380 9
03382 8
03383 3
03384 8
03386 8
03389 2
03393 8
03394 3
03397 2
03399 9
03402 3
03404 2
03409 3
03412 3
03416 2
03417 9
03418 3
03420 8
03422 8
03423 3
03424 9
03428 8
03429 8
03431 8
03434 2
03439 9
03441 9
03442 3
03444 9
03447 9
03452 3
03453 8
03456 2
03458 8
03459 8
03461 3
03465 2
03466 8
03469 9
03471 8
03475 3
03476 8
03480 3
03484 2
03486 8
03490 9
03493 8
03497 9
03502 2
03508 9
03509 2
03511 8
03514 3
03516 9
03521 8
03527 2
03529 8
03530 9
03531 8
03532 2
03533 2
03536 8
03538 3
03541 9
03542 2
03546 3
03550 2
03553 3
03554 8
03556 8
03557 3
03558 2
03563 8
03564 2
03574 3
03575 3
03577 3
03579 2
03581 3
03582 2
03583 3
03586 9
03587 3
03588 2
03591 8
03594 8
03596 2
03597 2
03599 2
03608 2
03615 9
03616 3
03620 8
03621 8
03623 2
03625 3
03627 9
03629 3
03630 8
03634 2
03635 3
03638 2
03639 3
03640 2
03646 8
03648 3
03651 9
03655 9
03656 2
03657 3
03658 3
03661 2
03663 2
03671 3
03680 3
03681 2
03682 9
03686 9
03687 9
03696 9
03697 9
03699 8
03701 9
03702 3
03703 2
03705 9
03709 9
03715 9
03716 2
03717 9
03718 8
03720 3
03722 2
03726 9
03727 3
03728 8
03730 3
03734 2
03741 8
03745 8
03749 9
03750 9
03751 2
03753 3
03757 8
03759 8
03761 8
03763 8
03765 3
03767 9
03770 9
03773 2
03776 3
03777 3
03786 2
03787 3
03788 3
03793 9
03794 2
03796 2
03797 9
03799 2
03803 2
03806 2
03807 9
03810 8
03811 2
03813 9
03816 8
03817 8
03818 8
03820 3
03821 9
03823 8
03824 9
03825 9
03826 3
03827 9
03830 3
03831 2
03835 3
03836 2
03837 8
03842 3
03846 9
03849 9
03850 9
03852 2
03854 2
03855 3
03859 8
03864 3
03865 8
03867 8
03870 2
03874 9
03875 3
03876 3
03878 9
03880 2
03884 9
03888 8
03889 9
03890 2
03893 9
03894 3
03899 2
03904 2
03907 3
03908 2
03909 2
03918 3
03920 3
03921 9
03925 8
03926 3
03927 3
03929 9
03930 9
03933 9
03934 2
03937 9
03941 2
03942 3
03944 2
03952 3
03953 3
03954 2
03956 3
03961 8
03962 2
03965 3
03970 3
03972 2
03973 3
03978 9
03980 9
03983 9
03988 8
03992 9
03993 3
03997 2
04000 8
04004 9
04005 9
04012 2
04016 8
04018 3
04021 8
04023 3
04024 3
04026 8
04027 2
04028 8
04031 3
04034 2
04036 9
04038 3
04039 2
04040 3
04041 8
04043 2
04049 3
04050 2
04051 9
04052 3
04054 3
04055 3
04056 8
04059 9
04060 2
04067 2
04068 2
04070 3
04072 2
04073 3
04081 3
04084 3
04085 3
04090 3
04093 8
04096 2
04097 8
04098 8
04099 3
04100 9
04102 8
04106 2
04107 2
04109 3
04110 2
04113 8
04117 9
04118 2
04119 9
04120 8
04121 2
04122 9
04127 9
04130 8
04131 3
04132 3
04135 2
04137 9
04139 3
04140 8
04141 9
04142 2
04152 9
04153 2
04156 3
04158 2
04159 9
04162 8
04163 3
04164 8
04165 3
04170 3
04172 3
04176 8
04177 3
04179 3
04181 9
04183 2
04184 3
04187 9
04188 2
04189 3
04191 2
04192 2
04194 9
04197 9
04198 2
04200 9
04201 8
04202 3
04209 9
04210 8
04214 8
04217 3
04220 2
04225 8
04226 2
04229 3
04231 8
04235 9
04237 9
04238 9
04239 9
04244 3
04248 3
04249 8
04257 8
04259 3
04260 9
04261 2
04262 3
04263 9
04264 3
04266 9
04268 9
04269 8
04273 2
04274 3
04275 9
04278 2
04279 2
04280 8
04284 9
04287 9
04290 2
04291 9
04294 9
04295 9
04297 2
04299 9
04300 8
04301 3
04302 9
04306 8
04308 2
04310 3
04312 3
04324 3
04325 2
04326 2
04330 8
04331 3
04336 3
04345 2
04351 2
04353 2
04355 9
04356 3
04361 2
04364 2
04366 8
04369 9
04372 2
04375 9
04376 9
04380 8
04381 3
04382 9
04383 8
04387 8
04388 2
04391 2
04392 3
04393 3
04397 2
04398 2
04403 2
04405 9
04408 2
04411 8
04414 2
04420 3
04421 2
04423 8
04424 8
04428 9
04430 9
04431 2
04433 9
04434 2
04436 8
04437 9
04438 9
04442 9
04447 9
04448 3
04450 3
04454 9
04455 9
04458 9
04460 8
04465 8
04473 8
04475 3
04476 3
04478 3
04479 9
04480 3
04482 3
04483 8
04485 3
04487 2
04489 8
04490 3
04491 3
04495 3
04497 9
04498 2
04500 2
04503 2
04505 3
04510 3
04512 8
04513 8
04514 9
04516 2
04520 3
04521 9
04522 8
04523 8
04526 2
04527 8
04528 2
04535 3
04538 9
04551 8
04552 3
04554 9
04561 3
04564 9
04566 2
04567 9
04573 3
04574 3
04575 2
04577 3
04579 2
04580 8
04583 8
04587 8
04588 9
04589 9
04591 8
04594 2
04595 2
04598 2
04599 9
04601 9
04605 9
04607 3
04608 8
04619 2
04621 9
04624 2
04625 9
04629 9
04632 9
04635 8
04638 8
04643 8
04644 3
04653 2
04654 8
04655 9
04656 8
04662 3
04663 3
04665 2
04671 3
04672 3
04676 9
04677 2
04680 8
04686 8
04687 2
04688 8
04692 8
04695 8
04698 2
04701 9
04702 8
04703 8
04705 2
04706 9
04708 9
04711 8
04712 2
04713 9
04715 3
04716 2
04719 9
04722 3
04723 3
04725 8
04726 9
04731 3
04736 2
04738 9
04740 8
04742 9
04743 9
04747 9
04748 8
04752 9
04753 8
04754 8
04758 3
04760 2
04762 9
04763 8
04764 3
04768 9
04771 3
04772 2
04775 2
04776 2
04779 2
04783 9
04785 2
04788 9
04789 9
04797 3
04801 2
04802 3
04804 3
04807 9
04814 2
04817 2
04825 2
04826 3
04831 3
04832 8
04834 9
04835 8
04836 3
04839 2
04840 3
04841 8
04847 8
04853 3
04857 2
04858 9
04861 8
04866 9
04867 3
04871 8
04873 2
04875 2
04877 2
04878 9
04879 2
04880 9
04886 3
04887 9
04888 3
04889 8
04891 9
04892 8
04894 8
04896 9
04900 3
04901 2
04905 8
04911 8
04916 3
04918 9
04920 9
04923 8
04925 9
04927 8
04931 2
04932 3
04934 8
04942 2
04944 2
04951 2
04954 9
04955 9
04956 3
04959 9
04960 3
04966 9
04967 9
04969 9
04973 2
04978 9
04982 8
04983 3
04989 3
04990 3
04991 3
04996 8
04997 3
04998 9
05001 8
05004 3
05005 2
05006 8
05007 9
05009 9
05013 8
05019 3
05020 9
05021 9
05025 3
05031 9
05038 8
05040 9
05041 9
05042 2
05045 9
05046 2
05053 8
05054 3
05055 2
05059 8
05062 9
05064 9
05067 3
05069 3
05079 3
05080 2
05081 3
05082 2
05086 2
05088 9
05089 9
05094 8
05098 9
05103 8
05105 2
05107 2
05108 9
05110 3
05114 3
05121 2
05123 9
05132 8
05137 2
05138 9
05139 9
05142 9
05144 2
05145 3
05151 8
05159 8
05162 2
05166 9
05171 3
05175 2
05176 8
05177 2
05183 9
05185 9
05189 8
05192 2
05197 3
05200 8
05203 8
05204 9
05206 8
05208 2
05210 2
05212 3
05215 9
05217 2
05219 3
05224 8
05227 9
05228 2
05231 2
05232 8
05241 9
05242 8
05244 2
05245 3
05246 8
05247 8
05250 3
05252 9
05255 8
05258 3
05262 9
05263 2
05269 2
05271 8
05272 2
05274 8
05275 3
05277 2
05279 3
05280 8
05281 8
05282 2
05283 8
05285 8
05289 2
05290 3
05297 9
05298 2
05300 3
05301 9
05304 8
05306 3
05308 8
05309 9
05313 3
05315 8
05317 2
05320 8
05323 8
05326 9
05327 2
05330 3
05331 2
05342 2
05343 2
05349 8
05351 9
05354 8
05355 3
05359 9
05360 9
05362 2
05363 8
05364 9
05366 8
05368 9
05374 8
05380 3
05381 9
05384 8
05387 8
05388 9
05390 2
05391 3
05392 2
05393 2
05395 2
05398 8
05403 3
05404 2
05405 3
05406 9
05407 3
05408 3
05411 3
05414 8
05416 3
05417 8
05420 2
05422 3
05423 9
05426 2
05430 2
05431 9
05433 8
05435 8
05437 3
05442 3
05447 3
05451 9
05453 8
05460 8
05463 2
05470 2
05471 8
05472 8
05474 3
05477 9
05488 3
05489 3
05491 2
05497 8
05498 9
05499 3
05500 2
05502 2
05507 8
05508 9
05509 9
05510 9
05511 2
05512 8
05519 8
05520 9
05523 2
05530 3
05532 3
05533 8
05534 3
05536 8
05541 8
05543 3
05547 9
05548 3
05553 2
05556 3
05557 8
05558 2
05559 9
05561 8
05565 9
05566 8
05571 9
05574 9
05576 8
05578 2
05580 3
05583 3
05584 8
05588 8
05590 3
05593 2
05594 9
05598 2
05599 9
05600 9
05603 2
05614 3
05617 3
05618 8
05619 2
05621 2
05623 9
05624 9
05627 3
05631 2
05633 9
05637 3
05638 2
05639 3
05641 9
05644 2
05648 2
05649 2
05652 9
05653 8
05654 2
05659 3
05664 2
05666 2
05667 2
05668 9
05672 8
05673 3
05674 2
05679 8
05681 9
05684 3
05685 8
05687 8
05688 9
05689 3
05690 8
05695 3
05697 8
05699 8
05702 9
05703 9
05711 2
05714 9
05717 9
05722 8
05723 3
05724 9
05725 3
05726 8
05727 3
05728 3
05731 8
05736 3
05739 9
05741 9
05743 8
05746 3
05748 8
05754 2
05757 9
05758 2
05760 3
05761 2
05763 9
05764 3
05767 2
05774 2
05782 9
05784 2
05785 9
05786 9
05796 8
05797 2
05798 2
05804 9
05805 2
05807 2
05808 8
05810 9
05812 9
05813 2
05818 8
05819 3
05822 8
05829 2
05830 3
05833 9
05834 9
05840 3
05843 2
05844 9
05845 2
05847 9
05850 9
05853 9
05854 9
05856 3
05859 2
05860 9
05861 3
05862 3
05863 3
05864 2
05865 3
05866 2
05868 8
05876 2
05877 8
05879 8
05881 8
05885 3
05888 3
05889 2
05894 9
05895 9
05897 2
05898 8
05900 2
05902 8
05906 3
05907 2
05911 3
05912 9
05915 2
05917 8
05919 2
05922 2
05923 2
05926 3
05930 3
05931 3
05932 9
05935 2
05938 9
05939 3
05941 8
05943 2
05946 3
05947 2
05951 2
05954 8
05955 9
05958 8
05960 2
05966 9
05968 8
05969 8
05971 9
05972 9
05977 9
05978 2
05979 3
05981 9
05984 3
05985 8
05987 2
05992 3
05993 2
05997 2
05999 8
06000 9
06001 2
06003 3
06004 2
06005 3
06009 8
06011 8
06014 3
06015 2
06018 8
06021 2
06023 8
06025 3
06028 8
06032 8
06034 2
06038 8
06044 9
06048 8
06049 8
06050 8
06051 8
06053 9
06055 9
06058 2
06068 8
06069 2
06070 3
06071 3
06076 9
06080 3
06081 3
06090 8
06094 8
06102 3
06104 3
06107 8
06108 3
06109 9
06110 3
06112 8
06115 9
06119 3
06122 9
06123 3
06125 2
06127 9
06128 8
06130 8
06132 2
06133 3
06135 8
06136 8
06138 9
06140 2
06144 8
06147 3
06148 3
06150 3
06155 9
06157 9
06159 3
06160 9
06164 9
06167 3
06169 8
06172 2
06175 3
06178 3
06179 2
06180 9
06181 9
06185 3
06187 3
06192 9
06198 9
06200 8
06201 8
06205 8
06208 3
06209 9
06215 3
06216 8
06219 8
06221 8
06222 2
06225 9
06226 3
06227 3
06229 2
06232 9
06234 3
06239 8
06240 3
06242 3
06246 9
06251 2
06252 9
06256 3
06259 3
06264 3
06266 8
06269 9
06270 8
06272 3
06276 2
06282 9
06285 8
06289 2
06291 2
06292 2
06293 8
06294 9
06296 8
06299 2
06300 3
06308 2
06309 9
06311 3
06315 3
06320 2
06321 2
06322 3
06324 2
06326 2
06328 8
06330 2
06333 2
06338 2
06339 8
06340 8
06342 3
06343 3
06347 3
06348 8
06349 8
06352 9
06354 8
06355 3
06357 9
06358 3
06360 9
06364 3
06366 8
06368 8
06371 9
06377 9
06380 9
06382 8
06384 2
06385 2
06388 2
06389 3
06391 9
06392 3
06393 8
06396 9
06398 9
06400 2
06402 8
06406 9
06409 9
06410 8
06419 8
06426 3
06427 8
06429 8
06430 3
06431 8
06432 2
06436 8
06439 8
06440 2
06441 3
06442 9
06447 9
06451 2
06457 8
06458 2
06459 3
06462 3
06468 2
06469 9
06471 3
06478 2
06479 8
06481 9
06483 2
06484 2
06485 8
06486 8
06489 8
06490 3
06491 8
06492 2
06497 9
06499 2
06513 2
06514 9
06515 8
06517 8
06518 9
06520 3
06523 3
06524 8
06526 2
06528 9
06529 9
06532 3
06533 8
06535 9
06538 8
06542 2
06544 8
06545 8
06552 2
06554 9
06555 9
06557 8
06561 8
06564 9
06570 8
06571 8
06573 2
06574 2
06575 2
06582 8
06584 8
06585 8
06587 9
06588 9
06589 3
06592 2
06593 9
06600 3
06601 9
06603 2
06604 9
06605 2
06607 3
06608 2
06609 8
06610 8
06614 9
06621 8
06623 2
06625 8
06631 3
06633 3
06636 3
06645 2
06648 9
06650 9
06652 9
06653 2
06654 9
06656 8
06658 8
06661 9
06662 8
06665 3
06671 3
06676 3
06678 3
06679 9
06682 8
06690 2
06695 2
06697 2
06699 9
06700 9
06701 8
06702 2
06704 3
06706 9
06709 2
06710 8
06712 3
06718 2
06719 2
06720 3
06721 9
06723 9
06724 3
06726 2
06727 8
06728 8
06732 3
06735 9
06742 9
06743 2
06744 9
06745 8
06747 2
06748 9
06753 3
06754 2
06756 8
06758 8
06759 8
06760 8
06761 8
06764 2
06768 2
06769 8
06770 3
06774 8
06775 2
06777 2
06778 3
06781 9
06782 9
06783 8
06785 3
06791 8
06793 9
06794 8
06795 3
06796 2
06798 2
06799 8
06801 2
06802 8
06805 9
06808 2
06812 3
06815 2
06816 3
06820 9
06821 9
06824 9
06826 3
06835 2
06836 9
06837 8
06840 2
06841 3
06844 9
06848 3
06852 9
06856 9
06864 3
06865 3
06866 3
06867 8
06871 9
06876 9
06877 9
06885 3
06886 3
06887 2
06888 9
06889 8
06890 2
06893 2
06895 8
06899 2
06900 8
06902 3
06903 3
06904 3
06905 3
06907 9
06912 2
06913 2
06914 2
06918 2
06920 8
06921 8
06924 8
06925 9
06927 9
06929 9
06931 9
06933 3
06935 9
06936 3
06942 8
06948 2
06949 3
06950 8
06952 9
06960 8
06961 3
06965 8
06969 3
06970 9
06972 9
06978 9
06982 8
06985 3
06986 3
06988 9
06993 3
06995 9
06997 8
06998 9
07002 8
07003 2
07006 3
07007 2
07008 2
07013 2
07017 3
07018 9
07019 2
07021 9
07023 2
07026 8
07030 8
07033 3
07034 9
07035 3
07038 3
07040 2
07042 9
07043 3
07046 3
07048 2
07050 3
07051 9
07052 8
07055 2
07057 2
07061 8
07062 9
07068 8
07069 3
07071 9
07074 8
07076 8
07079 3
07080 9
07084 2
07085 3
07086 9
07090 8
07091 9
07093 8
07095 9
07096 9
07098 2
07099 2
07102 3
07103 3
07104 2
07106 2
07108 8
07111 8
07114 3
07121 2
07122 8
07123 9
07128 8
07132 3
07133 8
07135 8
07136 2
07139 8
07144 8
07152 2
07157 2
07159 9
07162 2
07168 9
07169 9
07170 9
07171 2
07181 9
07187 2
07189 8
07192 3
07194 8
07197 3
07200 2
07201 9
07202 2
07203 3
07207 8
07210 3
07211 9
07213 9
07215 9
07218 8
07219 2
07220 9
07221 9
07222 9
07225 9
07229 9
07234 3
07238 2
07239 8
07242 8
07244 2
07247 9
07248 8
07251 3
07253 3
07258 2
07259 9
07260 9
07262 8
07263 9
07265 9
07268 9
07269 2
07270 8
07280 9
07282 2
07289 9
07290 9
07296 8
07299 9
07301 9
07304 9
07305 3
07307 2
07308 3
07317 2
07318 8
07321 8
07322 2
07324 3
07325 9
07326 8
07327 9
07328 9
07330 8
07332 3
07333 8
07341 3
07343 8
07349 8
07351 9
07353 9
07356 8
07359 8
07368 3
07369 9
07371 2
07376 8
07378 8
07379 9
07380 8
07381 9
07384 8
07385 9
07387 2
07403 2
07404 9
07406 2
07410 2
07411 8
07415 2
07418 9
07419 8
07420 3
07422 8
07423 8
07424 8
07427 9
07428 8
07429 8
07430 9
07431 2
07432 2
07438 3
07440 9
07441 9
07445 3
07446 8
07448 8
07450 9
07451 9
07452 3
07456 3
07459 8
07460 3
07461 9
07466 9
07469 2
07470 2
07473 2
07475 8
07476 2
07478 2
07480 3
07481 9
07482 8
07484 8
07487 8
07489 3
07490 9
07494 2
07504 3
07506 8
07509 9
07510 8
07516 3
07518 3
07519 3
07520 9
07531 9
07533 8
07535 3
07538 9
07541 9
07542 9
07543 9
07544 3
07546 3
07550 2
07551 3
07552 9
07557 8
07558 8
07561 8
07563 2
07564 3
07566 8
07569 3
07571 9
07575 8
07578 2
07580 9
07585 2
07586 9
07590 3
07593 9
07594 8
07595 3
07598 2
07599 2
07601 8
07603 2
07604 3
07605 2
07606 2
07607 3
07609 3
07613 8
07621 8
07623 2
07624 3
07631 9
07632 9
07633 3
07634 3
07635 2
07636 2
07640 9
07641 8
07644 2
07648 9
07650 8
07651 2
07652 8
07654 9
07655 3
07660 2
07661 8
07662 3
07665 3
07671 3
07673 8
07675 9
07682 8
07683 9
07687 9
07688 3
07694 8
07695 8
07697 3
07698 8
07699 3
07702 9
07703 3
07710 3
07712 3
07713 3
07714 9
07717 8
07718 3
07720 9
07721 3
07722 8
07723 3
07724 2
07727 8
07728 3
07732 9
07733 3
07735 3
07736 2
07737 3
07739 3
07740 2
07747 2
07749 2
07750 8
07753 2
07754 3
07757 8
07758 8
07760 2
07762 9
07763 2
07769 2
07771 2
07773 3
07774 3
07776 8
07778 2
07784 2
07785 9
07786 8
07787 3
07799 8
07801 3
07802 9
07803 9
07804 8
07807 9
07808 2
07809 3
07814 9
07815 8
07816 9
07820 8
07829 2
07831 8
07833 9
07834 2
07835 3
07838 8
07843 8
07845 2
07846 3
07848 8
07851 8
07852 2
07857 2
07861 2
07864 2
07865 3
07868 3
07871 2
07875 2
07882 9
07883 3
07884 2
07887 9
07890 8
07895 2
07896 8
07898 8
07905 9
07906 3
07908 9
07909 2
07915 9
07916 3
07918 8
07920 2
07921 8
07922 3
07927 2
07929 3
07930 8
07933 8
07934 9
07938 2
07940 8
07944 9
07946 9
07951 3
07952 8
07953 2
07956 8
07957 9
07959 2
07962 2
07964 9
07966 3
07967 9
07968 2
07972 3
07973 3
07976 3
07984 3
07987 3
07994 2
07995 3
07996 8
07997 2
07999 3
08000 9
08002 3
08005 2
08006 3
08007 8
08009 2
08014 9
08017 9
08018 8
08019 3
08024 3
08025 9
08028 9
08030 2
08031 9
08033 2
08034 9
08037 8
08038 3
08039 9
08042 3
08043 2
08044 2
08047 3
08048 2
08050 2
08053 2
08054 2
08056 8
08057 3
08059 3
08060 2
08065 2
08066 3
08069 9
08072 9
08079 2
08084 2
08091 3
08093 3
08094 8
08097 9
08098 2
08107 2
08109 2
08114 3
08115 9
08116 9
08117 3
08122 8
08123 3
08124 8
08125 2
08129 2
08130 2
08133 9
08136 8
08137 9
08139 9
08140 9
08142 2
08143 8
08144 3
08146 9
08147 2
08148 9
08150 8
08152 9
08153 2
08155 8
08157 8
08159 2
08161 2
08162 3
08163 8
08164 3
08171 2
08175 8
08177 3
08181 9
08182 8
08186 2
08187 8
08188 9
08189 3
08190 3
08194 2
08206 8
08208 9
08209 8
08211 3
08213 3
08215 8
08217 8
08224 8
08229 3
08233 9
08236 3
08237 8
08238 3
08241 3
08242 2
08250 3
08255 9
08259 2
08262 2
08267 2
08269 2
08272 3
08273 3
08280 8
08282 3
08283 2
08284 8
08287 8
08288 9
08290 2
08292 8
08293 8
08296 3
08299 2
08301 9
08302 3
08307 9
08308 2
08310 2
08311 3
08321 3
08323 8
08324 3
08325 2
08327 2
08333 2
08336 2
08337 3
08339 2
08340 9
08350 8
08351 3
08355 8
08360 9
08366 9
08369 9
08371 3
08372 8
08377 3
08378 3
08379 8
08382 9
08384 2
08385 9
08386 3
08391 2
08392 3
08394 9
08397 3
08399 8
08401 2
08402 3
08403 9
08404 8
08405 9
08413 9
08415 2
08416 3
08417 3
08419 9
08426 3
08427 2
08428 8
08429 3
08431 8
08434 3
08436 8
08438 3
08448 3
08450 9
08452 3
08453 3
08454 9
08456 8
08457 8
08460 9
08463 9
08464 8
08465 9
08466 2
08467 8
08469 9
08475 3
08476 8
08487 9
08490 9
08491 2
08493 2
08495 3
08496 3
08498 8
08500 8
08502 9
08504 2
08505 2
08507 3
08508 2
08515 8
08518 9
08519 3
08521 8
08523 8
08525 9
08529 8
08532 9
08539 2
08540 9
08542 8
08543 3
08544 9
08547 8
08548 8
08549 9
08551 8
08552 3
08553 2
08554 9
08556 2
08559 8
08560 8
08563 2
08564 8
08565 9
08567 8
08569 8
08574 3
08579 3
08580 8
08585 8
08588 3
08589 3
08594 2
08597 3
08598 2
08599 2
08600 3
08601 3
08602 2
08603 9
08604 9
08614 8
08615 9
08617 8
08618 8
08620 2
08625 2
08626 2
08627 2
08632 3
08633 3
08634 8
08636 2
08639 9
08641 9
08642 8
08645 2
08649 9
08650 8
08652 3
08658 8
08662 3
08663 8
08664 8
08665 3
08673 2
08680 2
08682 8
08684 2
08686 8
08691 3
08693 3
08695 9
08699 2
08701 8
08702 9
08703 3
08706 3
08707 8
08708 2
08709 9
08712 9
08715 9
08719 3
08720 9
08723 3
08732 2
08734 3
08737 3
08738 9
08740 3
08741 9
08742 2
08743 2
08744 8
08748 3
08752 8
08756 9
08759 3
08761 9
08764 2
08770 9
08773 2
08778 8
08779 2
08782 9
08783 2
08784 9
08788 2
08792 2
08794 9
08795 9
08797 2
08803 2
08804 3
08807 3
08808 2
08810 9
08812 8
08814 8
08819 2
08821 3
08822 2
08823 9
08824 9
08829 2
08832 9
08838 9
08839 8
08840 2
08846 3
08847 8
08853 9
08857 3
08860 9
08863 2
08866 9
08868 8
08869 9
08872 3
08873 9
08876 9
08880 2
08881 2
08884 2
08886 9
08888 9
08889 8
08891 3
08896 3
08898 9
08899 9
08900 8
08903 3
08907 8
08908 2
08909 3
08914 8
08917 8
08918 2
08920 3
08926 9
08927 3
08928 2
08929 3
08933 9
08938 2
08941 3
08943 8
08944 2
08947 3
08955 3
08956 2
08960 3
08962 3
08965 3
08968 2
08970 9
08976 9
08978 2
08979 3
08981 2
08982 3
08986 3
08990 3
08995 9
08996 9
08999 3
09000 2
09002 3
09003 9
09004 8
09005 2
09008 8
09010 9
09012 2
09014 3
09015 3
09016 3
09019 8
09020 8
09021 3
09023 2
09026 3
09033 9
09034 3
09035 3
09038 8
09043 9
09045 9
09050 8
09056 8
09058 2
09059 3
09060 8
09061 8
09063 8
09065 2
09068 3
09071 2
09074 9
09078 8
09080 9
09081 9
09083 2
09084 3
09085 3
09086 8
09090 3
09091 3
09094 2
09095 8
09096 9
09098 2
09099 3
09100 2
09101 9
09105 9
09107 2
09111 9
09113 3
09119 2
09121 3
09123 9
09128 8
09132 8
09134 8
09136 8
09138 3
09140 3
09142 3
09144 3
09145 3
09146 3
09147 3
09148 9
09150 8
09152 2
09154 3
09155 2
09157 2
09158 3
09162 9
09164 2
09173 8
09175 9
09176 8
09178 9
09179 3
09181 8
09184 9
09185 3
09187 8
09197 9
09199 3
09200 3
09201 8
09204 3
09214 8
09216 8
09217 3
09224 3
09225 2
09226 2
09227 2
09233 3
09235 2
09236 3
09237 3
09242 3
09243 2
09244 3
09246 2
09250 3
09251 9
09252 3
09257 2
09258 9
09260 3
09261 9
09263 8
09267 9
09269 8
09271 3
09273 9
09274 9
09277 8
09278 3
09280 2
09281 9
09283 3
09286 9
09288 8
09292 2
09293 2
09300 9
09301 9
09303 3
09305 8
09307 8
09309 3
09316 2
09317 3
09318 8
09319 3
09320 9
09321 8
09323 8
09326 2
09328 9
09329 3
09330 8
09333 8
09334 8
09336 9
09337 8
09349 3
09356 9
09361 9
09365 2
09371 9
09374 8
09375 2
09378 3
09380 2
09381 9
09382 3
09383 3
09384 8
09391 8
09400 8
09401 3
09404 9
09406 8
09407 3
09411 3
09414 3
09415 8
09416 8
09417 3
09419 2
09423 3
09425 2
09428 9
09429 3
09430 9
09431 3
09433 2
09435 3
09437 8
09439 2
09440 9
09442 3
09445 2
09446 9
09448 2
09450 9
09451 9
09452 9
09453 8
09456 3
09457 2
09458 3
09460 9
09461 3
09463 2
09466 8
09470 9
09473 8
09483 9
09486 9
09489 9
09491 2
09492 8
09493 3
09494 8
09499 8
09503 8
09504 9
09505 9
09515 2
09518 8
09520 3
09521 9
09522 2
09526 3
09528 3
09530 8
09533 3
09535 3
09537 8
09540 2
09541 8
09548 8
09554 2
09556 2
09558 2
09559 9
09565 2
09569 9
09571 8
09573 9
09578 3
09581 2
09582 2
09583 2
09586 8
09588 3
09590 9
09592 2
09595 3
09598 2
09599 2
09602 2
09604 8
09606 2
09611 8
09612 8
09619 2
09620 9
09621 3
09623 2
09625 2
09626 9
09630 3
09631 8
09634 2
09635 8
09642 8
09643 9
09644 3
09645 2
09646 3
09647 9
09648 8
09649 8
09658 8
09659 9
09662 8
09665 9
09667 3
09668 3
09669 8
09671 8
09672 8
09674 8
09675 2
09676 8
09677 2
09678 9
09679 3
09684 2
09692 3
09696 8
09701 9
09704 9
09710 3
09711 9
09713 8
09714 8
09718 2
09722 2
09724 2
09730 3
09731 8
09733 2
09734 2
09737 3
09739 2
09746 8
09751 8
09753 8
09757 8
09758 2
09762 8
09765 3
09770 2
09771 9
09772 9
09773 2
09774 8
09776 9
09778 9
09787 8
09788 3
09794 8
09796 3
09802 9
09803 9
09804 2
09806 3
09811 2
09814 2
09817 9
09819 3
09824 3
09827 8
09834 9
09836 2
09839 8
09841 3
09843 9
09844 9
09848 3
09849 8
09850 3
09852 8
09853 9
09855 9
09857 9
09859 3
09860 3
09863 8
09864 9
09865 2
09866 3
09867 9
09869 8
09870 9
09876 3
09878 9
09884 2
09885 9
09886 2
09888 3
09889 3
09890 9
09891 3
09894 2
09895 8
09899 2
09900 9
09903 8
09904 3
09905 9
09907 8
09908 9
09911 8
09914 2
09918 3
09919 2
09920 8
09923 2
09925 8
09927 9
09930 2
09937 8
09938 3
09941 9
09943 8
09946 9
09949 3
09950 2
09952 8
09953 2
09957 3
09958 9
09959 2
09965 3
09967 2
09968 9
09969 9
09974 3
09979 8
09980 8
09982 8
09983 9
09984 9
09991 8
09992 9
10000 9