3201 9
3202 9
3203 9
3204 9
3205 9
3206 9
3207 9
3208 9
3209 9
3210 9
3211 9
3212 9
3213 9
3214 9
3215 9
3216 9
3217 9
3218 9
3219 9
3220 9
3221 9
3222 9
3223 9
3224 9
3225 9
3226 9
3227 9
3228 9
3229 9
3230 9
3231 9
3232 9
3233 9
3234 9
3235 9
3236 9
3237 9
3238 9
3239 9
3240 9
3241 9
3242 9
3243 9
3244 9
3245 9
3246 9
3247 9
3248 9
3249 9
3250 9
3251 9
3252 9
3253 9
3254 9
3255 9
3256 9
3257 9
3258 9
3259 9
3260 9
3261 9
3262 9
3263 9
3264 9
3265 9
3266 9
3267 9
3268 9
3269 9
3270 9
3271 9
3272 9
3273 9
3274 9
3275 9
3276 9
3277 9
3278 9
3279 9
3280 9
3281 9
3282 9
3283 9
3284 9
3285 9
3286 9
3287 9
3288 9
3289 9
3290 9
3291 9
3292 9
3293 9
3294 9
3295 9
3296 9
3297 9
3298 9
3299 9
3300 9
3301 9
3302 9
3303 9
3304 9
3305 9
3306 9
3307 9
3308 9
3309 9
3310 9
3311 9
3312 9
3313 9
3314 9
3315 9
3316 9
3317 9
3318 9
3319 9
3320 9
3321 9
3322 9
3323 9
3324 9
3325 9
3326 9
3327 9
3328 9
3329 9
3330 9
3331 9
3332 9
3333 9
3334 9
3335 9
3336 9
3337 9
3338 9
3339 9
3340 9
3341 9
3342 9
3343 9
3344 9
3345 9
3346 9
3347 9
3348 9
3349 9
3350 9
3351 9
3352 9
3353 9
3354 9
3355 9
3356 9
3357 9
3358 9
3359 9
3360 9
3361 9
3362 9
3363 9
3364 9
3365 9
3366 9
3367 9
3368 9
3369 9
3370 9
3371 9
3372 9
3373 9
3374 9
3375 9
3376 9
3377 9
3378 9
3379 9
3380 9
3381 9
3382 9
3383 9
3384 9
3385 9
3386 9
3387 9
3388 9
3389 9
3390 9
3391 9
3392 9
3393 9
3394 9
3395 9
3396 9
3397 9
3398 9
3399 9
3400 9
3401 9
3402 9
3403 9
3404 9
3405 9
3406 9
3407 9
3408 9
3409 9
3410 9
3411 9
3412 9
3413 9
3414 9
3415 9
3416 9
3417 9
3418 9
3419 9
3420 9
3421 9
3422 9
3423 9
3424 9
3425 9
3426 9
3427 9
3428 9
3429 9
3430 9
3431 9
3432 9
3433 9
3434 9
3435 9
3436 9
3437 9
3438 9
3439 9
3440 9
3441 9
3442 9
3443 9
3444 9
3445 9
3446 9
3447 9
3448 9
3449 9
3450 9
3451 9
3452 9
3453 9
3454 9
3455 9
3456 9
3457 9
3458 9
3459 9
3460 9
3461 9
3462 9
3463 9
3464 9
3465 9
3466 9
3467 9
3468 9
3469 9
3470 9
3471 9
3472 9
3473 9
3474 9
3475 9
3476 9
3477 9
3478 9
3479 9
3480 9
3481 9
3482 9
3483 9
3484 9
3485 9
3486 9
3487 9
3488 9
3489 9
3490 9
3491 9
3492 9
3493 9
3494 9
3495 9
3496 9
3497 9
3498 9
3499 9
3500 9
3501 9
3502 9
3503 9
3504 9
3505 9
3506 9
3507 9
3508 9
3509 9
3510 9
3511 9
3512 9
3513 9
3514 9
3515 9
3516 9
3517 9
3518 9
3519 9
3520 9
3521 9
3522 9
3523 9
3524 9
3525 9
3526 9
3527 9
3528 9
3529 9
3530 9
3531 9
3532 9
3533 9
3534 9
3535 9
3536 9
3537 9
3538 9
3539 9
3540 9
3541 9
3542 9
3543 9
3544 9
3545 9
3546 9
3547 9
3548 9
3549 9
3550 9
3551 9
3552 9
3553 9
3554 9
3555 9
3556 9
3557 9
3558 9
3559 9
3560 9
3561 9
3562 9
3563 9
3564 9
3565 9
3566 9
3567 9
3568 9
3569 9
3570 9
3571 9
3572 9
3573 9
3574 9
3575 9
3576 9
3577 9
3578 9
3579 9
3580 9
3581 9
3582 9
3583 9
3584 9
3585 9
3586 9
3587 9
3588 9
3589 9
3590 9
3591 9
3592 9
3593 9
3594 9
3595 9
3596 9
3597 9
3598 9
3599 9
3600 9
3601 9
3602 9
3603 9
3604 9
3605 9
3606 9
3607 9
3608 9
3609 9
3610 9
3611 9
3612 9
3613 9
3614 9
3615 9
3616 9
3617 9
3618 9
3619 9
3620 9
3621 9
3622 9
3623 9
3624 9
3625 9
3626 9
3627 9
3628 9
3629 9
3630 9
3631 9
3632 9
3633 9
3634 9
3635 9
3636 9
3637 9
3638 9
3639 9
3640 9
3641 9
3642 9
3643 9
3644 9
3645 9
3646 9
3647 9
3648 9
3649 9
3650 9
3651 9
3652 9
3653 9
3654 9
3655 9
3656 9
3657 9
3658 9
3659 9
3660 9
3661 9
3662 9
3663 9
3664 9
3665 9
3666 9
3667 9
3668 9
3669 9
3670 9
3671 9
3672 9
3673 9
3674 9
3675 9
3676 9
3677 9
3678 9
3679 9
3680 9
3681 9
3682 9
3683 9
3684 9
3685 9
3686 9
3687 9
3688 9
3689 9
3690 9
3691 9
3692 9
3693 9
3694 9
3695 9
3696 9
3697 9
3698 9
3699 9
3700 9
3701 9
3702 9
3703 9
3704 9
3705 9
3706 9
3707 9
3708 9
3709 9
3710 9
3711 9
3712 9
3713 9
3714 9
3715 9
3716 9
3717 9
3718 9
3719 9
3720 9
3721 9
3722 9
3723 9
3724 9
3725 9
3726 9
3727 9
3728 9
3729 9
3730 9
3731 9
3732 9
3733 9
3734 9
3735 9
3736 9
3737 9
3738 9
3739 9
3740 9
3741 9
3742 9
3743 9
3744 9
3745 9
3746 9
3747 9
3748 9
3749 9
3750 9
3751 9
3752 9
3753 9
3754 9
3755 9
3756 9
3757 9
3758 9
3759 9
3760 9
3761 9
3762 9
3763 9
3764 9
3765 9
3766 9
3767 9
3768 9
3769 9
3770 9
3771 9
3772 9
3773 9
3774 9
3775 9
3776 9
3777 9
3778 9
3779 9
3780 9
3781 9
3782 9
3783 9
3784 9
3785 9
3786 9
3787 9
3788 9
3789 9
3790 9
3791 9
3792 9
3793 9
3794 9
3795 9
3796 9
3797 9
3798 9
3799 9
3800 9
3801 9
3802 9
3803 9
3804 9
3805 9
3806 9
3807 9
3808 9
3809 9
3810 9
3811 9
3812 9
3813 9
3814 9
3815 9
3816 9
3817 9
3818 9
3819 9
3820 9
3821 9
3822 9
3823 9
3824 9
3825 9
3826 9
3827 9
3828 9
3829 9
3830 9
3831 9
3832 9
3833 9
3834 9
3835 9
3836 9
3837 9
3838 9
3839 9
3840 9
3841 9
3842 9
3843 9
3844 9
3845 9
3846 9
3847 9
3848 9
3849 9
3850 9
3851 9
3852 9
3853 9
3854 9
3855 9
3856 9
3857 9
3858 9
3859 9
3860 9
3861 9
3862 9
3863 9
3864 9
3865 9
3866 9
3867 9
3868 9
3869 9
3870 9
3871 9
3872 9
3873 9
3874 9
3875 9
3876 9
3877 9
3878 9
3879 9
3880 9
3881 9
3882 9
3883 9
3884 9
3885 9
3886 9
3887 9
3888 9
3889 9
3890 9
3891 9
3892 9
3893 9
3894 9
3895 9
3896 9
3897 9
3898 9
3899 9
3900 9
3901 9
3902 9
3903 9
3904 9
3905 9
3906 9
3907 9
3908 9
3909 9
3910 9
3911 9
3912 9
3913 9
3914 9
3915 9
3916 9
3917 9
3918 9
3919 9
3920 9
3921 9
3922 9
3923 9
3924 9
3925 9
3926 9
3927 9
3928 9
3929 9
3930 9
3931 9
3932 9
3933 9
3934 9
3935 9
3936 9
3937 9
3938 9
3939 9
3940 9
3941 9
3942 9
3943 9
3944 9
3945 9
3946 9
3947 9
3948 9
3949 9
3950 9
3951 9
3952 9
3953 9
3954 9
3955 9
3956 9
3957 9
3958 9
3959 9
3960 9
3961 9
3962 9
3963 9
3964 9
3965 9
3966 9
3967 9
3968 9
3969 9
3970 9
3971 9
3972 9
3973 9
3974 9
3975 9
3976 9
3977 9
3978 9
3979 9
3980 9
3981 9
3982 9
3983 9
3984 9
3985 9
3986 9
3987 9
3988 9
3989 9
3990 9
3991 9
3992 9
3993 9
3994 9
3995 9
3996 9
3997 9
3998 9
3999 9
4000 9
3201 9
3202 9
3203 9
3204 9
3205 9
3206 9
3207 9
3208 9
3209 9
3210 9
3211 9
3212 9
3213 9
3214 9
3215 9
3216 9
3217 9
3218 9
3219 9
3220 9
3221 9
3222 9
3223 9
3224 9
3225 9
3226 9
3227 9
3228 9
3229 9
3230 9
3231 9
3232 9
3233 9
3234 9
3235 9
3236 9
3237 9
3238 9
3239 9
3240 9
3241 9
3242 9
3243 9
3244 9
3245 9
3246 9
3247 9
3248 9
3249 9
3250 9
3251 9
3252 9
3253 9
3254 9
3255 9
3256 9
3257 9
3258 9
3259 9
3260 9
3261 9
3262 9
3263 9
3264 9
3265 9
3266 9
3267 9
3268 9
3269 9
3270 9
3271 9
3272 9
3273 9
3274 9
3275 9
3276 9
3277 9
3278 9
3279 9
3280 9
3281 9
3282 9
3283 9
3284 9
3285 9
3286 9
3287 9
3288 9
3289 9
3290 9
3291 9
3292 9
3293 9
3294 9
3295 9
3296 9
3297 9
3298 9
3299 9
3300 9
3301 9
3302 9
3303 9
3304 9
3305 9
3306 9
3307 9
3308 9
3309 9
3310 9
3311 9
3312 9
3313 9
3314 9
3315 9
3316 9
3317 9
3318 9
3319 9
3320 9
3321 9
3322 9
3323 9
3324 9
3325 9
3326 9
3327 9
3328 9
3329 9
3330 9
3331 9
3332 9
3333 9
3334 9
3335 9
3336 9
3337 9
3338 9
3339 9
3340 9
3341 9
3342 9
3343 9
3344 9
3345 9
3346 9
3347 9
3348 9
3349 9
3350 9
3351 9
3352 9
3353 9
3354 9
3355 9
3356 9
3357 9
3358 9
3359 9
3360 9
3361 9
3362 9
3363 9
3364 9
3365 9
3366 9
3367 9
3368 9
3369 9
3370 9
3371 9
3372 9
3373 9
3374 9
3375 9
3376 9
3377 9
3378 9
3379 9
3380 9
3381 9
3382 9
3383 9
3384 9
3385 9
3386 9
3387 9
3388 9
3389 9
3390 9
3391 9
3392 9
3393 9
3394 9
3395 9
3396 9
3397 9
3398 9
3399 9
3400 9
3401 9
3402 9
3403 9
3404 9
3405 9
3406 9
3407 9
3408 9
3409 9
3410 9
3411 9
3412 9
3413 9
3414 9
3415 9
3416 9
3417 9
3418 9
3419 9
3420 9
3421 9
3422 9
3423 9
3424 9
3425 9
3426 9
3427 9
3428 9
3429 9
3430 9
3431 9
3432 9
3433 9
3434 9
3435 9
3436 9
3437 9
3438 9
3439 9
3440 9
3441 9
3442 9
3443 9
3444 9
3445 9
3446 9
3447 9
3448 9
3449 9
3450 9
3451 9
3452 9
3453 9
3454 9
3455 9
3456 9
3457 9
3458 9
3459 9
3460 9
3461 9
3462 9
3463 9
3464 9
3465 9
3466 9
3467 9
3468 9
3469 9
3470 9
3471 9
3472 9
3473 9
3474 9
3475 9
3476 9
3477 9
3478 9
3479 9
3480 9
3481 9
3482 9
3483 9
3484 9
3485 9
3486 9
3487 9
3488 9
3489 9
3490 9
3491 9
3492 9
3493 9
3494 9
3495 9
3496 9
3497 9
3498 9
3499 9
3500 9
3501 9
3502 9
3503 9
3504 9
3505 9
3506 9
3507 9
3508 9
3509 9
3510 9
3511 9
3512 9
3513 9
3514 9
3515 9
3516 9
3517 9
3518 9
3519 9
3520 9
3521 9
3522 9
3523 9
3524 9
3525 9
3526 9
3527 9
3528 9
3529 9
3530 9
3531 9
3532 9
3533 9
3534 9
3535 9
3536 9
3537 9
3538 9
3539 9
3540 9
3541 9
3542 9
3543 9
3544 9
3545 9
3546 9
3547 9
3548 9
3549 9
3550 9
3551 9
3552 9
3553 9
3554 9
3555 9
3556 9
3557 9
3558 9
3559 9
3560 9
3561 9
3562 9
3563 9
3564 9
3565 9
3566 9
3567 9
3568 9
3569 9
3570 9
3571 9
3572 9
3573 9
3574 9
3575 9
3576 9
3577 9
3578 9
3579 9
3580 9
3581 9
3582 9
3583 9
3584 9
3585 9
3586 9
3587 9
3588 9
3589 9
3590 9
3591 9
3592 9
3593 9
3594 9
3595 9
3596 9
3597 9
3598 9
3599 9
3600 9
3601 9
3602 9
3603 9
3604 9
3605 9
3606 9
3607 9
3608 9
3609 9
3610 9
3611 9
3612 9
3613 9
3614 9
3615 9
3616 9
3617 9
3618 9
3619 9
3620 9
3621 9
3622 9
3623 9
3624 9
3625 9
3626 9
3627 9
3628 9
3629 9
3630 9
3631 9
3632 9
3633 9
3634 9
3635 9
3636 9
3637 9
3638 9
3639 9
3640 9
3641 9
3642 9
3643 9
3644 9
3645 9
3646 9
3647 9
3648 9
3649 9
3650 9
3651 9
3652 9
3653 9
3654 9
3655 9
3656 9
3657 9
3658 9
3659 9
3660 9
3661 9
3662 9
3663 9
3664 9
3665 9
3666 9
3667 9
3668 9
3669 9
3670 9
3671 9
3672 9
3673 9
3674 9
3675 9
3676 9
3677 9
3678 9
3679 9
3680 9
3681 9
3682 9
3683 9
3684 9
3685 9
3686 9
3687 9
3688 9
3689 9
3690 9
3691 9
3692 9
3693 9
3694 9
3695 9
3696 9
3697 9
3698 9
3699 9
3700 9
3701 9
3702 9
3703 9
3704 9
3705 9
3706 9
3707 9
3708 9
3709 9
3710 9
3711 9
3712 9
3713 9
3714 9
3715 9
3716 9
3717 9
3718 9
3719 9
3720 9
3721 9
3722 9
3723 9
3724 9
3725 9
3726 9
3727 9
3728 9
3729 9
3730 9
3731 9
3732 9
3733 9
3734 9
3735 9
3736 9
3737 9
3738 9
3739 9
3740 9
3741 9
3742 9
3743 9
3744 9
3745 9
3746 9
3747 9
3748 9
3749 9
3750 9
3751 9
3752 9
3753 9
3754 9
3755 9
3756 9
3757 9
3758 9
3759 9
3760 9
3761 9
3762 9
3763 9
3764 9
3765 9
3766 9
3767 9
3768 9
3769 9
3770 9
3771 9
3772 9
3773 9
3774 9
3775 9
3776 9
3777 9
3778 9
3779 9
3780 9
3781 9
3782 9
3783 9
3784 9
3785 9
3786 9
3787 9
3788 9
3789 9
3790 9
3791 9
3792 9
3793 9
3794 9
3795 9
3796 9
3797 9
3798 9
3799 9
3800 9
3801 9
3802 9
3803 9
3804 9
3805 9
3806 9
3807 9
3808 9
3809 9
3810 9
3811 9
3812 9
3813 9
3814 9
3815 9
3816 9
3817 9
3818 9
3819 9
3820 9
3821 9
3822 9
3823 9
3824 9
3825 9
3826 9
3827 9
3828 9
3829 9
3830 9
3831 9
3832 9
3833 9
3834 9
3835 9
3836 9
3837 9
3838 9
3839 9
3840 9
3841 9
3842 9
3843 9
3844 9
3845 9
3846 9
3847 9
3848 9
3849 9
3850 9
3851 9
3852 9
3853 9
3854 9
3855 9
3856 9
3857 9
3858 9
3859 9
3860 9
3861 9
3862 9
3863 9
3864 9
3865 9
3866 9
3867 9
3868 9
3869 9
3870 9
3871 9
3872 9
3873 9
3874 9
3875 9
3876 9
3877 9
3878 9
3879 9
3880 9
3881 9
3882 9
3883 9
3884 9
3885 9
3886 9
3887 9
3888 9
3889 9
3890 9
3891 9
3892 9
3893 9
3894 9
3895 9
3896 9
3897 9
3898 9
3899 9
3900 9
3901 9
3902 9
3903 9
3904 9
3905 9
3906 9
3907 9
3908 9
3909 9
3910 9
3911 9
3912 9
3913 9
3914 9
3915 9
3916 9
3917 9
3918 9
3919 9
3920 9
3921 9
3922 9
3923 9
3924 9
3925 9
3926 9
3927 9
3928 9
3929 9
3930 9
3931 9
3932 9
3933 9
3934 9
3935 9
3936 9
3937 9
3938 9
3939 9
3940 9
3941 9
3942 9
3943 9
3944 9
3945 9
3946 9
3947 9
3948 9
3949 9
3950 9
3951 9
3952 9
3953 9
3954 9
3955 9
3956 9
3957 9
3958 9
3959 9
3960 9
3961 9
3962 9
3963 9
3964 9
3965 9
3966 9
3967 9
3968 9
3969 9
3970 9
3971 9
3972 9
3973 9
3974 9
3975 9
3976 9
3977 9
3978 9
3979 9
3980 9
3981 9
3982 9
3983 9
3984 9
3985 9
3986 9
3987 9
3988 9
3989 9
3990 9
3991 9
3992 9
3993 9
3994 9
3995 9
3996 9
3997 9
3998 9
3999 9
4000 9
3201 9
3202 9
3203 9
3204 9
3205 9
3206 9
3207 9
3208 9
3209 9
3210 9
3211 9
3212 9
3213 9
3214 9
3215 9
3216 9
3217 9
3218 9
3219 9
3220 9
3221 9
3222 9
3223 9
3224 9
3225 9
3226 9
3227 9
3228 9
3229 9
3230 9
3231 9
3232 9
3233 9
3234 9
3235 9
3236 9
3237 9
3238 9
3239 9
3240 9
3241 9
3242 9
3243 9
3244 9
3245 9
3246 9
3247 9
3248 9
3249 9
3250 9
3251 9
3252 9
3253 9
3254 9
3255 9
3256 9
3257 9
3258 9
3259 9
3260 9
3261 9
3262 9
3263 9
3264 9
3265 9
3266 9
3267 9
3268 9
3269 9
3270 9
3271 9
3272 9
3273 9
3274 9
3275 9
3276 9
3277 9
3278 9
3279 9
3280 9
3281 9
3282 9
3283 9
3284 9
3285 9
3286 9
3287 9
3288 9
3289 9
3290 9
3291 9
3292 9
3293 9
3294 9
3295 9
3296 9
3297 9
3298 9
3299 9
3300 9
3301 9
3302 9
3303 9
3304 9
3305 9
3306 9
3307 9
3308 9
3309 9
3310 9
3311 9
3312 9
3313 9
3314 9
3315 9
3316 9
3317 9
3318 9
3319 9
3320 9
3321 9
3322 9
3323 9
3324 9
3325 9
3326 9
3327 9
3328 9
3329 9
3330 9
3331 9
3332 9
3333 9
3334 9
3335 9
3336 9
3337 9
3338 9
3339 9
3340 9
3341 9
3342 9
3343 9
3344 9
3345 9
3346 9
3347 9
3348 9
3349 9
3350 9
3351 9
3352 9
3353 9
3354 9
3355 9
3356 9
3357 9
3358 9
3359 9
3360 9
3361 9
3362 9
3363 9
3364 9
3365 9
3366 9
3367 9
3368 9
3369 9
3370 9
3371 9
3372 9
3373 9
3374 9
3375 9
3376 9
3377 9
3378 9
3379 9
3380 9
3381 9
3382 9
3383 9
3384 9
3385 9
3386 9
3387 9
3388 9
3389 9
3390 9
3391 9
3392 9
3393 9
3394 9
3395 9
3396 9
3397 9
3398 9
3399 9
3400 9
3401 9
3402 9
3403 9
3404 9
3405 9
3406 9
3407 9
3408 9
3409 9
3410 9
3411 9
3412 9
3413 9
3414 9
3415 9
3416 9
3417 9
3418 9
3419 9
3420 9
3421 9
3422 9
3423 9
3424 9
3425 9
3426 9
3427 9
3428 9
3429 9
3430 9
3431 9
3432 9
3433 9
3434 9
3435 9
3436 9
3437 9
3438 9
3439 9
3440 9
3441 9
3442 9
3443 9
3444 9
3445 9
3446 9
3447 9
3448 9
3449 9
3450 9
3451 9
3452 9
3453 9
3454 9
3455 9
3456 9
3457 9
3458 9
3459 9
3460 9
3461 9
3462 9
3463 9
3464 9
3465 9
3466 9
3467 9
3468 9
3469 9
3470 9
3471 9
3472 9
3473 9
3474 9
3475 9
3476 9
3477 9
3478 9
3479 9
3480 9
3481 9
3482 9
3483 9
3484 9
3485 9
3486 9
3487 9
3488 9
3489 9
3490 9
3491 9
3492 9
3493 9
3494 9
3495 9
3496 9
3497 9
3498 9
3499 9
3500 9
3501 9
3502 9
3503 9
3504 9
3505 9
3506 9
3507 9
3508 9
3509 9
3510 9
3511 9
3512 9
3513 9
3514 9
3515 9
3516 9
3517 9
3518 9
3519 9
3520 9
3521 9
3522 9
3523 9
3524 9
3525 9
3526 9
3527 9
3528 9
3529 9
3530 9
3531 9
3532 9
3533 9
3534 9
3535 9
3536 9
3537 9
3538 9
3539 9
3540 9
3541 9
3542 9
3543 9
3544 9
3545 9
3546 9
3547 9
3548 9
3549 9
3550 9
3551 9
3552 9
3553 9
3554 9
3555 9
3556 9
3557 9
3558 9
3559 9
3560 9
3561 9
3562 9
3563 9
3564 9
3565 9
3566 9
3567 9
3568 9
3569 9
3570 9
3571 9
3572 9
3573 9
3574 9
3575 9
3576 9
3577 9
3578 9
3579 9
3580 9
3581 9
3582 9
3583 9
3584 9
3585 9
3586 9
3587 9
3588 9
3589 9
3590 9
3591 9
3592 9
3593 9
3594 9
3595 9
3596 9
3597 9
3598 9
3599 9
3600 9
3601 9
3602 9
3603 9
3604 9
3605 9
3606 9
3607 9
3608 9
3609 9
3610 9
3611 9
3612 9
3613 9
3614 9
3615 9
3616 9
3617 9
3618 9
3619 9
3620 9
3621 9
3622 9
3623 9
3624 9
3625 9
3626 9
3627 9
3628 9
3629 9
3630 9
3631 9
3632 9
3633 9
3634 9
3635 9
3636 9
3637 9
3638 9
3639 9
3640 9
3641 9
3642 9
3643 9
3644 9
3645 9
3646 9
3647 9
3648 9
3649 9
3650 9
3651 9
3652 9
3653 9
3654 9
3655 9
3656 9
3657 9
3658 9
3659 9
3660 9
3661 9
3662 9
3663 9
3664 9
3665 9
3666 9
3667 9
3668 9
3669 9
3670 9
3671 9
3672 9
3673 9
3674 9
3675 9
3676 9
3677 9
3678 9
3679 9
3680 9
3681 9
3682 9
3683 9
3684 9
3685 9
3686 9
3687 9
3688 9
3689 9
3690 9
3691 9
3692 9
3693 9
3694 9
3695 9
3696 9
3697 9
3698 9
3699 9
3700 9
3701 9
3702 9
3703 9
3704 9
3705 9
3706 9
3707 9
3708 9
3709 9
3710 9
3711 9
3712 9
3713 9
3714 9
3715 9
3716 9
3717 9
3718 9
3719 9
3720 9
3721 9
3722 9
3723 9
3724 9
3725 9
3726 9
3727 9
3728 9
3729 9
3730 9
3731 9
3732 9
3733 9
3734 9
3735 9
3736 9
3737 9
3738 9
3739 9
3740 9
3741 9
3742 9
3743 9
3744 9
3745 9
3746 9
3747 9
3748 9
3749 9
3750 9
3751 9
3752 9
3753 9
3754 9
3755 9
3756 9
3757 9
3758 9
3759 9
3760 9
3761 9
3762 9
3763 9
3764 9
3765 9
3766 9
3767 9
3768 9
3769 9
3770 9
3771 9
3772 9
3773 9
3774 9
3775 9
3776 9
3777 9
3778 9
3779 9
3780 9
3781 9
3782 9
3783 9
3784 9
3785 9
3786 9
3787 9
3788 9
3789 9
3790 9
3791 9
3792 9
3793 9
3794 9
3795 9
3796 9
3797 9
3798 9
3799 9
3800 9
3801 9
3802 9
3803 9
3804 9
3805 9
3806 9
3807 9
3808 9
3809 9
3810 9
3811 9
3812 9
3813 9
3814 9
3815 9
3816 9
3817 9
3818 9
3819 9
3820 9
3821 9
3822 9
3823 9
3824 9
3825 9
3826 9
3827 9
3828 9
3829 9
3830 9
3831 9
3832 9
3833 9
3834 9
3835 9
3836 9
3837 9
3838 9
3839 9
3840 9
3841 9
3842 9
3843 9
3844 9
3845 9
3846 9
3847 9
3848 9
3849 9
3850 9
3851 9
3852 9
3853 9
3854 9
3855 9
3856 9
3857 9
3858 9
3859 9
3860 9
3861 9
3862 9
3863 9
3864 9
3865 9
3866 9
3867 9
3868 9
3869 9
3870 9
3871 9
3872 9
3873 9
3874 9
3875 9
3876 9
3877 9
3878 9
3879 9
3880 9
3881 9
3882 9
3883 9
3884 9
3885 9
3886 9
3887 9
3888 9
3889 9
3890 9
3891 9
3892 9
3893 9
3894 9
3895 9
3896 9
3897 9
3898 9
3899 9
3900 9
3901 9
3902 9
3903 9
3904 9
3905 9
3906 9
3907 9
3908 9
3909 9
3910 9
3911 9
3912 9
3913 9
3914 9
3915 9
3916 9
3917 9
3918 9
3919 9
3920 9
3921 9
3922 9
3923 9
3924 9
3925 9
3926 9
3927 9
3928 9
3929 9
3930 9
3931 9
3932 9
3933 9
3934 9
3935 9
3936 9
3937 9
3938 9
3939 9
3940 9
3941 9
3942 9
3943 9
3944 9
3945 9
3946 9
3947 9
3948 9
3949 9
3950 9
3951 9
3952 9
3953 9
3954 9
3955 9
3956 9
3957 9
3958 9
3959 9
3960 9
3961 9
3962 9
3963 9
3964 9
3965 9
3966 9
3967 9
3968 9
3969 9
3970 9
3971 9
3972 9
3973 9
3974 9
3975 9
3976 9
3977 9
3978 9
3979 9
3980 9
3981 9
3982 9
3983 9
3984 9
3985 9
3986 9
3987 9
3988 9
3989 9
3990 9
3991 9
3992 9
3993 9
3994 9
3995 9
3996 9
3997 9
3998 9
3999 9
4000 9
3201 9
3202 9
3203 9
3204 9
3205 9
3206 9
3207 9
3208 9
3209 9
3210 9
3211 9
3212 9
3213 9
3214 9
3215 9
3216 9
3217 9
3218 9
3219 9
3220 9
3221 9
3222 9
3223 9
3224 9
3225 9
3226 9
3227 9
3228 9
3229 9
3230 9
3231 9
3232 9
3233 9
3234 9
3235 9
3236 9
3237 9
3238 9
3239 9
3240 9
3241 9
3242 9
3243 9
3244 9
3245 9
3246 9
3247 9
3248 9
3249 9
3250 9
3251 9
3252 9
3253 9
3254 9
3255 9
3256 9
3257 9
3258 9
3259 9
3260 9
3261 9
3262 9
3263 9
3264 9
3265 9
3266 9
3267 9
3268 9
3269 9
3270 9
3271 9
3272 9
3273 9
3274 9
3275 9
3276 9
3277 9
3278 9
3279 9
3280 9
3281 9
3282 9
3283 9
3284 9
3285 9
3286 9
3287 9
3288 9
3289 9
3290 9
3291 9
3292 9
3293 9
3294 9
3295 9
3296 9
3297 9
3298 9
3299 9
3300 9
3301 9
3302 9
3303 9
3304 9
3305 9
3306 9
3307 9
3308 9
3309 9
3310 9
3311 9
3312 9
3313 9
3314 9
3315 9
3316 9
3317 9
3318 9
3319 9
3320 9
3321 9
3322 9
3323 9
3324 9
3325 9
3326 9
3327 9
3328 9
3329 9
3330 9
3331 9
3332 9
3333 9
3334 9
3335 9
3336 9
3337 9
3338 9
3339 9
3340 9
3341 9
3342 9
3343 9
3344 9
3345 9
3346 9
3347 9
3348 9
3349 9
3350 9
3351 9
3352 9
3353 9
3354 9
3355 9
3356 9
3357 9
3358 9
3359 9
3360 9
3361 9
3362 9
3363 9
3364 9
3365 9
3366 9
3367 9
3368 9
3369 9
3370 9
3371 9
3372 9
3373 9
3374 9
3375 9
3376 9
3377 9
3378 9
3379 9
3380 9
3381 9
3382 9
3383 9
3384 9
3385 9
3386 9
3387 9
3388 9
3389 9
3390 9
3391 9
3392 9
3393 9
3394 9
3395 9
3396 9
3397 9
3398 9
3399 9
3400 9
3401 9
3402 9
3403 9
3404 9
3405 9
3406 9
3407 9
3408 9
3409 9
3410 9
3411 9
3412 9
3413 9
3414 9
3415 9
3416 9
3417 9
3418 9
3419 9
3420 9
3421 9
3422 9
3423 9
3424 9
3425 9
3426 9
3427 9
3428 9
3429 9
3430 9
3431 9
3432 9
3433 9
3434 9
3435 9
3436 9
3437 9
3438 9
3439 9
3440 9
3441 9
3442 9
3443 9
3444 9
3445 9
3446 9
3447 9
3448 9
3449 9
3450 9
3451 9
3452 9
3453 9
3454 9
3455 9
3456 9
3457 9
3458 9
3459 9
3460 9
3461 9
3462 9
3463 9
3464 9
3465 9
3466 9
3467 9
3468 9
3469 9
3470 9
3471 9
3472 9
3473 9
3474 9
3475 9
3476 9
3477 9
3478 9
3479 9
3480 9
3481 9
3482 9
3483 9
3484 9
3485 9
3486 9
3487 9
3488 9
3489 9
3490 9
3491 9
3492 9
3493 9
3494 9
3495 9
3496 9
3497 9
3498 9
3499 9
3500 9
3501 9
3502 9
3503 9
3504 9
3505 9
3506 9
3507 9
3508 9
3509 9
3510 9
3511 9
3512 9
3513 9
3514 9
3515 9
3516 9
3517 9
3518 9
3519 9
3520 9
3521 9
3522 9
3523 9
3524 9
3525 9
3526 9
3527 9
3528 9
3529 9
3530 9
3531 9
3532 9
3533 9
3534 9
3535 9
3536 9
3537 9
3538 9
3539 9
3540 9
3541 9
3542 9
3543 9
3544 9
3545 9
3546 9
3547 9
3548 9
3549 9
3550 9
3551 9
3552 9
3553 9
3554 9
3555 9
3556 9
3557 9
3558 9
3559 9
3560 9
3561 9
3562 9
3563 9
3564 9
3565 9
3566 9
3567 9
3568 9
3569 9
3570 9
3571 9
3572 9
3573 9
3574 9
3575 9
3576 9
3577 9
3578 9
3579 9
3580 9
3581 9
3582 9
3583 9
3584 9
3585 9
3586 9
3587 9
3588 9
3589 9
3590 9
3591 9
3592 9
3593 9
3594 9
3595 9
3596 9
3597 9
3598 9
3599 9
3600 9
3601 9
3602 9
3603 9
3604 9
3605 9
3606 9
3607 9
3608 9
3609 9
3610 9
3611 9
3612 9
3613 9
3614 9
3615 9
3616 9
3617 9
3618 9
3619 9
3620 9
3621 9
3622 9
3623 9
3624 9
3625 9
3626 9
3627 9
3628 9
3629 9
3630 9
3631 9
3632 9
3633 9
3634 9
3635 9
3636 9
3637 9
3638 9
3639 9
3640 9
3641 9
3642 9
3643 9
3644 9
3645 9
3646 9
3647 9
3648 9
3649 9
3650 9
3651 9
3652 9
3653 9
3654 9
3655 9
3656 9
3657 9
3658 9
3659 9
3660 9
3661 9
3662 9
3663 9
3664 9
3665 9
3666 9
3667 9
3668 9
3669 9
3670 9
3671 9
3672 9
3673 9
3674 9
3675 9
3676 9
3677 9
3678 9
3679 9
3680 9
3681 9
3682 9
3683 9
3684 9
3685 9
3686 9
3687 9
3688 9
3689 9
3690 9
3691 9
3692 9
3693 9
3694 9
3695 9
3696 9
3697 9
3698 9
3699 9
3700 9
3701 9
3702 9
3703 9
3704 9
3705 9
3706 9
3707 9
3708 9
3709 9
3710 9
3711 9
3712 9
3713 9
3714 9
3715 9
3716 9
3717 9
3718 9
3719 9
3720 9
3721 9
3722 9
3723 9
3724 9
3725 9
3726 9
3727 9
3728 9
3729 9
3730 9
3731 9
3732 9
3733 9
3734 9
3735 9
3736 9
3737 9
3738 9
3739 9
3740 9
3741 9
3742 9
3743 9
3744 9
3745 9
3746 9
3747 9
3748 9
3749 9
3750 9
3751 9
3752 9
3753 9
3754 9
3755 9
3756 9
3757 9
3758 9
3759 9
3760 9
3761 9
3762 9
3763 9
3764 9
3765 9
3766 9
3767 9
3768 9
3769 9
3770 9
3771 9
3772 9
3773 9
3774 9
3775 9
3776 9
3777 9
3778 9
3779 9
3780 9
3781 9
3782 9
3783 9
3784 9
3785 9
3786 9
3787 9
3788 9
3789 9
3790 9
3791 9
3792 9
3793 9
3794 9
3795 9
3796 9
3797 9
3798 9
3799 9
3800 9
3801 9
3802 9
3803 9
3804 9
3805 9
3806 9
3807 9
3808 9
3809 9
3810 9
3811 9
3812 9
3813 9
3814 9
3815 9
3816 9
3817 9
3818 9
3819 9
3820 9
3821 9
3822 9
3823 9
3824 9
3825 9
3826 9
3827 9
3828 9
3829 9
3830 9
3831 9
3832 9
3833 9
3834 9
3835 9
3836 9
3837 9
3838 9
3839 9
3840 9
3841 9
3842 9
3843 9
3844 9
3845 9
3846 9
3847 9
3848 9
3849 9
3850 9
3851 9
3852 9
3853 9
3854 9
3855 9
3856 9
3857 9
3858 9
3859 9
3860 9
3861 9
3862 9
3863 9
3864 9
3865 9
3866 9
3867 9
3868 9
3869 9
3870 9
3871 9
3872 9
3873 9
3874 9
3875 9
3876 9
3877 9
3878 9
3879 9
3880 9
3881 9
3882 9
3883 9
3884 9
3885 9
3886 9
3887 9
3888 9
3889 9
3890 9
3891 9
3892 9
3893 9
3894 9
3895 9
3896 9
3897 9
3898 9
3899 9
3900 9
3901 9
3902 9
3903 9
3904 9
3905 9
3906 9
3907 9
3908 9
3909 9
3910 9
3911 9
3912 9
3913 9
3914 9
3915 9
3916 9
3917 9
3918 9
3919 9
3920 9
3921 9
3922 9
3923 9
3924 9
3925 9
3926 9
3927 9
3928 9
3929 9
3930 9
3931 9
3932 9
3933 9
3934 9
3935 9
3936 9
3937 9
3938 9
3939 9
3940 9
3941 9
3942 9
3943 9
3944 9
3945 9
3946 9
3947 9
3948 9
3949 9
3950 9
3951 9
3952 9
3953 9
3954 9
3955 9
3956 9
3957 9
3958 9
3959 9
3960 9
3961 9
3962 9
3963 9
3964 9
3965 9
3966 9
3967 9
3968 9
3969 9
3970 9
3971 9
3972 9
3973 9
3974 9
3975 9
3976 9
3977 9
3978 9
3979 9
3980 9
3981 9
3982 9
3983 9
3984 9
3985 9
3986 9
3987 9
3988 9
3989 9
3990 9
3991 9
3992 9
3993 9
3994 9
3995 9
3996 9
3997 9
3998 9
3999 9
4000 9
3201 9
3202 9
3203 9
3204 9
3205 9
3206 9
3207 9
3208 9
3209 9
3210 9
3211 9
3212 9
3213 9
3214 9
3215 9
3216 9
3217 9
3218 9
3219 9
3220 9
3221 9
3222 9
3223 9
3224 9
3225 9
3226 9
3227 9
3228 9
3229 9
3230 9
3231 9
3232 9
3233 9
3234 9
3235 9
3236 9
3237 9
3238 9
3239 9
3240 9
3241 9
3242 9
3243 9
3244 9
3245 9
3246 9
3247 9
3248 9
3249 9
3250 9
3251 9
3252 9
3253 9
3254 9
3255 9
3256 9
3257 9
3258 9
3259 9
3260 9
3261 9
3262 9
3263 9
3264 9
3265 9
3266 9
3267 9
3268 9
3269 9
3270 9
3271 9
3272 9
3273 9
3274 9
3275 9
3276 9
3277 9
3278 9
3279 9
3280 9
3281 9
3282 9
3283 9
3284 9
3285 9
3286 9
3287 9
3288 9
3289 9
3290 9
3291 9
3292 9
3293 9
3294 9
3295 9
3296 9
3297 9
3298 9
3299 9
3300 9
3301 9
3302 9
3303 9
3304 9
3305 9
3306 9
3307 9
3308 9
3309 9
3310 9
3311 9
3312 9
3313 9
3314 9
3315 9
3316 9
3317 9
3318 9
3319 9
3320 9
3321 9
3322 9
3323 9
3324 9
3325 9
3326 9
3327 9
3328 9
3329 9
3330 9
3331 9
3332 9
3333 9
3334 9
3335 9
3336 9
3337 9
3338 9
3339 9
3340 9
3341 9
3342 9
3343 9
3344 9
3345 9
3346 9
3347 9
3348 9
3349 9
3350 9
3351 9
3352 9
3353 9
3354 9
3355 9
3356 9
3357 9
3358 9
3359 9
3360 9
3361 9
3362 9
3363 9
3364 9
3365 9
3366 9
3367 9
3368 9
3369 9
3370 9
3371 9
3372 9
3373 9
3374 9
3375 9
3376 9
3377 9
3378 9
3379 9
3380 9
3381 9
3382 9
3383 9
3384 9
3385 9
3386 9
3387 9
3388 9
3389 9
3390 9
3391 9
3392 9
3393 9
3394 9
3395 9
3396 9
3397 9
3398 9
3399 9
3400 9
3401 9
3402 9
3403 9
3404 9
3405 9
3406 9
3407 9
3408 9
3409 9
3410 9
3411 9
3412 9
3413 9
3414 9
3415 9
3416 9
3417 9
3418 9
3419 9
3420 9
3421 9
3422 9
3423 9
3424 9
3425 9
3426 9
3427 9
3428 9
3429 9
3430 9
3431 9
3432 9
3433 9
3434 9
3435 9
3436 9
3437 9
3438 9
3439 9
3440 9
3441 9
3442 9
3443 9
3444 9
3445 9
3446 9
3447 9
3448 9
3449 9
3450 9
3451 9
3452 9
3453 9
3454 9
3455 9
3456 9
3457 9
3458 9
3459 9
3460 9
3461 9
3462 9
3463 9
3464 9
3465 9
3466 9
3467 9
3468 9
3469 9
3470 9
3471 9
3472 9
3473 9
3474 9
3475 9
3476 9
3477 9
3478 9
3479 9
3480 9
3481 9
3482 9
3483 9
3484 9
3485 9
3486 9
3487 9
3488 9
3489 9
3490 9
3491 9
3492 9
3493 9
3494 9
3495 9
3496 9
3497 9
3498 9
3499 9
3500 9
3501 9
3502 9
3503 9
3504 9
3505 9
3506 9
3507 9
3508 9
3509 9
3510 9
3511 9
3512 9
3513 9
3514 9
3515 9
3516 9
3517 9
3518 9
3519 9
3520 9
3521 9
3522 9
3523 9
3524 9
3525 9
3526 9
3527 9
3528 9
3529 9
3530 9
3531 9
3532 9
3533 9
3534 9
3535 9
3536 9
3537 9
3538 9
3539 9
3540 9
3541 9
3542 9
3543 9
3544 9
3545 9
3546 9
3547 9
3548 9
3549 9
3550 9
3551 9
3552 9
3553 9
3554 9
3555 9
3556 9
3557 9
3558 9
3559 9
3560 9
3561 9
3562 9
3563 9
3564 9
3565 9
3566 9
3567 9
3568 9
3569 9
3570 9
3571 9
3572 9
3573 9
3574 9
3575 9
3576 9
3577 9
3578 9
3579 9
3580 9
3581 9
3582 9
3583 9
3584 9
3585 9
3586 9
3587 9
3588 9
3589 9
3590 9
3591 9
3592 9
3593 9
3594 9
3595 9
3596 9
3597 9
3598 9
3599 9
3600 9
3601 9
3602 9
3603 9
3604 9
3605 9
3606 9
3607 9
3608 9
3609 9
3610 9
3611 9
3612 9
3613 9
3614 9
3615 9
3616 9
3617 9
3618 9
3619 9
3620 9
3621 9
3622 9
3623 9
3624 9
3625 9
3626 9
3627 9
3628 9
3629 9
3630 9
3631 9
3632 9
3633 9
3634 9
3635 9
3636 9
3637 9
3638 9
3639 9
3640 9
3641 9
3642 9
3643 9
3644 9
3645 9
3646 9
3647 9
3648 9
3649 9
3650 9
3651 9
3652 9
3653 9
3654 9
3655 9
3656 9
3657 9
3658 9
3659 9
3660 9
3661 9
3662 9
3663 9
3664 9
3665 9
3666 9
3667 9
3668 9
3669 9
3670 9
3671 9
3672 9
3673 9
3674 9
3675 9
3676 9
3677 9
3678 9
3679 9
3680 9
3681 9
3682 9
3683 9
3684 9
3685 9
3686 9
3687 9
3688 9
3689 9
3690 9
3691 9
3692 9
3693 9
3694 9
3695 9
3696 9
3697 9
3698 9
3699 9
3700 9
3701 9
3702 9
3703 9
3704 9
3705 9
3706 9
3707 9
3708 9
3709 9
3710 9
3711 9
3712 9
3713 9
3714 9
3715 9
3716 9
3717 9
3718 9
3719 9
3720 9
3721 9
3722 9
3723 9
3724 9
3725 9
3726 9
3727 9
3728 9
3729 9
3730 9
3731 9
3732 9
3733 9
3734 9
3735 9
3736 9
3737 9
3738 9
3739 9
3740 9
3741 9
3742 9
3743 9
3744 9
3745 9
3746 9
3747 9
3748 9
3749 9
3750 9
3751 9
3752 9
3753 9
3754 9
3755 9
3756 9
3757 9
3758 9
3759 9
3760 9
3761 9
3762 9
3763 9
3764 9
3765 9
3766 9
3767 9
3768 9
3769 9
3770 9
3771 9
3772 9
3773 9
3774 9
3775 9
3776 9
3777 9
3778 9
3779 9
3780 9
3781 9
3782 9
3783 9
3784 9
3785 9
3786 9
3787 9
3788 9
3789 9
3790 9
3791 9
3792 9
3793 9
3794 9
3795 9
3796 9
3797 9
3798 9
3799 9
3800 9
3801 9
3802 9
3803 9
3804 9
3805 9
3806 9
3807 9
3808 9
3809 9
3810 9
3811 9
3812 9
3813 9
3814 9
3815 9
3816 9
3817 9
3818 9
3819 9
3820 9
3821 9
3822 9
3823 9
3824 9
3825 9
3826 9
3827 9
3828 9
3829 9
3830 9
3831 9
3832 9
3833 9
3834 9
3835 9
3836 9
3837 9
3838 9
3839 9
3840 9
3841 9
3842 9
3843 9
3844 9
3845 9
3846 9
3847 9
3848 9
3849 9
3850 9
3851 9
3852 9
3853 9
3854 9
3855 9
3856 9
3857 9
3858 9
3859 9
3860 9
3861 9
3862 9
3863 9
3864 9
3865 9
3866 9
3867 9
3868 9
3869 9
3870 9
3871 9
3872 9
3873 9
3874 9
3875 9
3876 9
3877 9
3878 9
3879 9
3880 9
3881 9
3882 9
3883 9
3884 9
3885 9
3886 9
3887 9
3888 9
3889 9
3890 9
3891 9
3892 9
3893 9
3894 9
3895 9
3896 9
3897 9
3898 9
3899 9
3900 9
3901 9
3902 9
3903 9
3904 9
3905 9
3906 9
3907 9
3908 9
3909 9
3910 9
3911 9
3912 9
3913 9
3914 9
3915 9
3916 9
3917 9
3918 9
3919 9
3920 9
3921 9
3922 9
3923 9
3924 9
3925 9
3926 9
3927 9
3928 9
3929 9
3930 9
3931 9
3932 9
3933 9
3934 9
3935 9
3936 9
3937 9
3938 9
3939 9
3940 9
3941 9
3942 9
3943 9
3944 9
3945 9
3946 9
3947 9
3948 9
3949 9
3950 9
3951 9
3952 9
3953 9
3954 9
3955 9
3956 9
3957 9
3958 9
3959 9
3960 9
3961 9
3962 9
3963 9
3964 9
3965 9
3966 9
3967 9
3968 9
3969 9
3970 9
3971 9
3972 9
3973 9
3974 9
3975 9
3976 9
3977 9
3978 9
3979 9
3980 9
3981 9
3982 9
3983 9
3984 9
3985 9
3986 9
3987 9
3988 9
3989 9
3990 9
3991 9
3992 9
3993 9
3994 9
3995 9
3996 9
3997 9
3998 9
3999 9
4000 9
3201 9
3202 9
3203 9
3204 9
3205 9
3206 9
3207 9
3208 9
3209 9
3210 9
3211 9
3212 9
3213 9
3214 9
3215 9
3216 9
3217 9
3218 9
3219 9
3220 9
3221 9
3222 9
3223 9
3224 9
3225 9
3226 9
3227 9
3228 9
3229 9
3230 9
3231 9
3232 9
3233 9
3234 9
3235 9
3236 9
3237 9
3238 9
3239 9
3240 9
3241 9
3242 9
3243 9
3244 9
3245 9
3246 9
3247 9
3248 9
3249 9
3250 9
3251 9
3252 9
3253 9
3254 9
3255 9
3256 9
3257 9
3258 9
3259 9
3260 9
3261 9
3262 9
3263 9
3264 9
3265 9
3266 9
3267 9
3268 9
3269 9
3270 9
3271 9
3272 9
3273 9
3274 9
3275 9
3276 9
3277 9
3278 9
3279 9
3280 9
3281 9
3282 9
3283 9
3284 9
3285 9
3286 9
3287 9
3288 9
3289 9
3290 9
3291 9
3292 9
3293 9
3294 9
3295 9
3296 9
3297 9
3298 9
3299 9
3300 9
3301 9
3302 9
3303 9
3304 9
3305 9
3306 9
3307 9
3308 9
3309 9
3310 9
3311 9
3312 9
3313 9
3314 9
3315 9
3316 9
3317 9
3318 9
3319 9
3320 9
3321 9
3322 9
3323 9
3324 9
3325 9
3326 9
3327 9
3328 9
3329 9
3330 9
3331 9
3332 9
3333 9
3334 9
3335 9
3336 9
3337 9
3338 9
3339 9
3340 9
3341 9
3342 9
3343 9
3344 9
3345 9
3346 9
3347 9
3348 9
3349 9
3350 9
3351 9
3352 9
3353 9
3354 9
3355 9
3356 9
3357 9
3358 9
3359 9
3360 9
3361 9
3362 9
3363 9
3364 9
3365 9
3366 9
3367 9
3368 9
3369 9
3370 9
3371 9
3372 9
3373 9
3374 9
3375 9
3376 9
3377 9
3378 9
3379 9
3380 9
3381 9
3382 9
3383 9
3384 9
3385 9
3386 9
3387 9
3388 9
3389 9
3390 9
3391 9
3392 9
3393 9
3394 9
3395 9
3396 9
3397 9
3398 9
3399 9
3400 9
3401 9
3402 9
3403 9
3404 9
3405 9
3406 9
3407 9
3408 9
3409 9
3410 9
3411 9
3412 9
3413 9
3414 9
3415 9
3416 9
3417 9
3418 9
3419 9
3420 9
3421 9
3422 9
3423 9
3424 9
3425 9
3426 9
3427 9
3428 9
3429 9
3430 9
3431 9
3432 9
3433 9
3434 9
3435 9
3436 9
3437 9
3438 9
3439 9
3440 9
3441 9
3442 9
3443 9
3444 9
3445 9
3446 9
3447 9
3448 9
3449 9
3450 9
3451 9
3452 9
3453 9
3454 9
3455 9
3456 9
3457 9
3458 9
3459 9
3460 9
3461 9
3462 9
3463 9
3464 9
3465 9
3466 9
3467 9
3468 9
3469 9
3470 9
3471 9
3472 9
3473 9
3474 9
3475 9
3476 9
3477 9
3478 9
3479 9
3480 9
3481 9
3482 9
3483 9
3484 9
3485 9
3486 9
3487 9
3488 9
3489 9
3490 9
3491 9
3492 9
3493 9
3494 9
3495 9
3496 9
3497 9
3498 9
3499 9
3500 9
3501 9
3502 9
3503 9
3504 9
3505 9
3506 9
3507 9
3508 9
3509 9
3510 9
3511 9
3512 9
3513 9
3514 9
3515 9
3516 9
3517 9
3518 9
3519 9
3520 9
3521 9
3522 9
3523 9
3524 9
3525 9
3526 9
3527 9
3528 9
3529 9
3530 9
3531 9
3532 9
3533 9
3534 9
3535 9
3536 9
3537 9
3538 9
3539 9
3540 9
3541 9
3542 9
3543 9
3544 9
3545 9
3546 9
3547 9
3548 9
3549 9
3550 9
3551 9
3552 9
3553 9
3554 9
3555 9
3556 9
3557 9
3558 9
3559 9
3560 9
3561 9
3562 9
3563 9
3564 9
3565 9
3566 9
3567 9
3568 9
3569 9
3570 9
3571 9
3572 9
3573 9
3574 9
3575 9
3576 9
3577 9
3578 9
3579 9
3580 9
3581 9
3582 9
3583 9
3584 9
3585 9
3586 9
3587 9
3588 9
3589 9
3590 9
3591 9
3592 9
3593 9
3594 9
3595 9
3596 9
3597 9
3598 9
3599 9
3600 9
3601 9
3602 9
3603 9
3604 9
3605 9
3606 9
3607 9
3608 9
3609 9
3610 9
3611 9
3612 9
3613 9
3614 9
3615 9
3616 9
3617 9
3618 9
3619 9
3620 9
3621 9
3622 9
3623 9
3624 9
3625 9
3626 9
3627 9
3628 9
3629 9
3630 9
3631 9
3632 9
3633 9
3634 9
3635 9
3636 9
3637 9
3638 9
3639 9
3640 9
3641 9
3642 9
3643 9
3644 9
3645 9
3646 9
3647 9
3648 9
3649 9
3650 9
3651 9
3652 9
3653 9
3654 9
3655 9
3656 9
3657 9
3658 9
3659 9
3660 9
3661 9
3662 9
3663 9
3664 9
3665 9
3666 9
3667 9
3668 9
3669 9
3670 9
3671 9
3672 9
3673 9
3674 9
3675 9
3676 9
3677 9
3678 9
3679 9
3680 9
3681 9
3682 9
3683 9
3684 9
3685 9
3686 9
3687 9
3688 9
3689 9
3690 9
3691 9
3692 9
3693 9
3694 9
3695 9
3696 9
3697 9
3698 9
3699 9
3700 9
3701 9
3702 9
3703 9
3704 9
3705 9
3706 9
3707 9
3708 9
3709 9
3710 9
3711 9
3712 9
3713 9
3714 9
3715 9
3716 9
3717 9
3718 9
3719 9
3720 9
3721 9
3722 9
3723 9
3724 9
3725 9
3726 9
3727 9
3728 9
3729 9
3730 9
3731 9
3732 9
3733 9
3734 9
3735 9
3736 9
3737 9
3738 9
3739 9
3740 9
3741 9
3742 9
3743 9
3744 9
3745 9
3746 9
3747 9
3748 9
3749 9
3750 9
3751 9
3752 9
3753 9
3754 9
3755 9
3756 9
3757 9
3758 9
3759 9
3760 9
3761 9
3762 9
3763 9
3764 9
3765 9
3766 9
3767 9
3768 9
3769 9
3770 9
3771 9
3772 9
3773 9
3774 9
3775 9
3776 9
3777 9
3778 9
3779 9
3780 9
3781 9
3782 9
3783 9
3784 9
3785 9
3786 9
3787 9
3788 9
3789 9
3790 9
3791 9
3792 9
3793 9
3794 9
3795 9
3796 9
3797 9
3798 9
3799 9
3800 9
3801 9
3802 9
3803 9
3804 9
3805 9
3806 9
3807 9
3808 9
3809 9
3810 9
3811 9
3812 9
3813 9
3814 9
3815 9
3816 9
3817 9
3818 9
3819 9
3820 9
3821 9
3822 9
3823 9
3824 9
3825 9
3826 9
3827 9
3828 9
3829 9
3830 9
3831 9
3832 9
3833 9
3834 9
3835 9
3836 9
3837 9
3838 9
3839 9
3840 9
3841 9
3842 9
3843 9
3844 9
3845 9
3846 9
3847 9
3848 9
3849 9
3850 9
3851 9
3852 9
3853 9
3854 9
3855 9
3856 9
3857 9
3858 9
3859 9
3860 9
3861 9
3862 9
3863 9
3864 9
3865 9
3866 9
3867 9
3868 9
3869 9
3870 9
3871 9
3872 9
3873 9
3874 9
3875 9
3876 9
3877 9
3878 9
3879 9
3880 9
3881 9
3882 9
3883 9
3884 9
3885 9
3886 9
3887 9
3888 9
3889 9
3890 9
3891 9
3892 9
3893 9
3894 9
3895 9
3896 9
3897 9
3898 9
3899 9
3900 9
3901 9
3902 9
3903 9
3904 9
3905 9
3906 9
3907 9
3908 9
3909 9
3910 9
3911 9
3912 9
3913 9
3914 9
3915 9
3916 9
3917 9
3918 9
3919 9
3920 9
3921 9
3922 9
3923 9
3924 9
3925 9
3926 9
3927 9
3928 9
3929 9
3930 9
3931 9
3932 9
3933 9
3934 9
3935 9
3936 9
3937 9
3938 9
3939 9
3940 9
3941 9
3942 9
3943 9
3944 9
3945 9
3946 9
3947 9
3948 9
3949 9
3950 9
3951 9
3952 9
3953 9
3954 9
3955 9
3956 9
3957 9
3958 9
3959 9
3960 9
3961 9
3962 9
3963 9
3964 9
3965 9
3966 9
3967 9
3968 9
3969 9
3970 9
3971 9
3972 9
3973 9
3974 9
3975 9
3976 9
3977 9
3978 9
3979 9
3980 9
3981 9
3982 9
3983 9
3984 9
3985 9
3986 9
3987 9
3988 9
3989 9
3990 9
3991 9
3992 9
3993 9
3994 9
3995 9
3996 9
3997 9
3998 9
3999 9
4000 9
3201 9
3202 9
3203 9
3204 9
3205 9
3206 9
3207 9
3208 9
3209 9
3210 9
3211 9
3212 9
3213 9
3214 9
3215 9
3216 9
3217 9
3218 9
3219 9
3220 9
3221 9
3222 9
3223 9
3224 9
3225 9
3226 9
3227 9
3228 9
3229 9
3230 9
3231 9
3232 9
3233 9
3234 9
3235 9
3236 9
3237 9
3238 9
3239 9
3240 9
3241 9
3242 9
3243 9
3244 9
3245 9
3246 9
3247 9
3248 9
3249 9
3250 9
3251 9
3252 9
3253 9
3254 9
3255 9
3256 9
3257 9
3258 9
3259 9
3260 9
3261 9
3262 9
3263 9
3264 9
3265 9
3266 9
3267 9
3268 9
3269 9
3270 9
3271 9
3272 9
3273 9
3274 9
3275 9
3276 9
3277 9
3278 9
3279 9
3280 9
3281 9
3282 9
3283 9
3284 9
3285 9
3286 9
3287 9
3288 9
3289 9
3290 9
3291 9
3292 9
3293 9
3294 9
3295 9
3296 9
3297 9
3298 9
3299 9
3300 9
3301 9
3302 9
3303 9
3304 9
3305 9
3306 9
3307 9
3308 9
3309 9
3310 9
3311 9
3312 9
3313 9
3314 9
3315 9
3316 9
3317 9
3318 9
3319 9
3320 9
3321 9
3322 9
3323 9
3324 9
3325 9
3326 9
3327 9
3328 9
3329 9
3330 9
3331 9
3332 9
3333 9
3334 9
3335 9
3336 9
3337 9
3338 9
3339 9
3340 9
3341 9
3342 9
3343 9
3344 9
3345 9
3346 9
3347 9
3348 9
3349 9
3350 9
3351 9
3352 9
3353 9
3354 9
3355 9
3356 9
3357 9
3358 9
3359 9
3360 9
3361 9
3362 9
3363 9
3364 9
3365 9
3366 9
3367 9
3368 9
3369 9
3370 9
3371 9
3372 9
3373 9
3374 9
3375 9
3376 9
3377 9
3378 9
3379 9
3380 9
3381 9
3382 9
3383 9
3384 9
3385 9
3386 9
3387 9
3388 9
3389 9
3390 9
3391 9
3392 9
3393 9
3394 9
3395 9
3396 9
3397 9
3398 9
3399 9
3400 9
3401 9
3402 9
3403 9
3404 9
3405 9
3406 9
3407 9
3408 9
3409 9
3410 9
3411 9
3412 9
3413 9
3414 9
3415 9
3416 9
3417 9
3418 9
3419 9
3420 9
3421 9
3422 9
3423 9
3424 9
3425 9
3426 9
3427 9
3428 9
3429 9
3430 9
3431 9
3432 9
3433 9
3434 9
3435 9
3436 9
3437 9
3438 9
3439 9
3440 9
3441 9
3442 9
3443 9
3444 9
3445 9
3446 9
3447 9
3448 9
3449 9
3450 9
3451 9
3452 9
3453 9
3454 9
3455 9
3456 9
3457 9
3458 9
3459 9
3460 9
3461 9
3462 9
3463 9
3464 9
3465 9
3466 9
3467 9
3468 9
3469 9
3470 9
3471 9
3472 9
3473 9
3474 9
3475 9
3476 9
3477 9
3478 9
3479 9
3480 9
3481 9
3482 9
3483 9
3484 9
3485 9
3486 9
3487 9
3488 9
3489 9
3490 9
3491 9
3492 9
3493 9
3494 9
3495 9
3496 9
3497 9
3498 9
3499 9
3500 9
3501 9
3502 9
3503 9
3504 9
3505 9
3506 9
3507 9
3508 9
3509 9
3510 9
3511 9
3512 9
3513 9
3514 9
3515 9
3516 9
3517 9
3518 9
3519 9
3520 9
3521 9
3522 9
3523 9
3524 9
3525 9
3526 9
3527 9
3528 9
3529 9
3530 9
3531 9
3532 9
3533 9
3534 9
3535 9
3536 9
3537 9
3538 9
3539 9
3540 9
3541 9
3542 9
3543 9
3544 9
3545 9
3546 9
3547 9
3548 9
3549 9
3550 9
3551 9
3552 9
3553 9
3554 9
3555 9
3556 9
3557 9
3558 9
3559 9
3560 9
3561 9
3562 9
3563 9
3564 9
3565 9
3566 9
3567 9
3568 9
3569 9
3570 9
3571 9
3572 9
3573 9
3574 9
3575 9
3576 9
3577 9
3578 9
3579 9
3580 9
3581 9
3582 9
3583 9
3584 9
3585 9
3586 9
3587 9
3588 9
3589 9
3590 9
3591 9
3592 9
3593 9
3594 9
3595 9
3596 9
3597 9
3598 9
3599 9
3600 9
3601 9
3602 9
3603 9
3604 9
3605 9
3606 9
3607 9
3608 9
3609 9
3610 9
3611 9
3612 9
3613 9
3614 9
3615 9
3616 9
3617 9
3618 9
3619 9
3620 9
3621 9
3622 9
3623 9
3624 9
3625 9
3626 9
3627 9
3628 9
3629 9
3630 9
3631 9
3632 9
3633 9
3634 9
3635 9
3636 9
3637 9
3638 9
3639 9
3640 9
3641 9
3642 9
3643 9
3644 9
3645 9
3646 9
3647 9
3648 9
3649 9
3650 9
3651 9
3652 9
3653 9
3654 9
3655 9
3656 9
3657 9
3658 9
3659 9
3660 9
3661 9
3662 9
3663 9
3664 9
3665 9
3666 9
3667 9
3668 9
3669 9
3670 9
3671 9
3672 9
3673 9
3674 9
3675 9
3676 9
3677 9
3678 9
3679 9
3680 9
3681 9
3682 9
3683 9
3684 9
3685 9
3686 9
3687 9
3688 9
3689 9
3690 9
3691 9
3692 9
3693 9
3694 9
3695 9
3696 9
3697 9
3698 9
3699 9
3700 9
3701 9
3702 9
3703 9
3704 9
3705 9
3706 9
3707 9
3708 9
3709 9
3710 9
3711 9
3712 9
3713 9
3714 9
3715 9
3716 9
3717 9
3718 9
3719 9
3720 9
3721 9
3722 9
3723 9
3724 9
3725 9
3726 9
3727 9
3728 9
3729 9
3730 9
3731 9
3732 9
3733 9
3734 9
3735 9
3736 9
3737 9
3738 9
3739 9
3740 9
3741 9
3742 9
3743 9
3744 9
3745 9
3746 9
3747 9
3748 9
3749 9
3750 9
3751 9
3752 9
3753 9
3754 9
3755 9
3756 9
3757 9
3758 9
3759 9
3760 9
3761 9
3762 9
3763 9
3764 9
3765 9
3766 9
3767 9
3768 9
3769 9
3770 9
3771 9
3772 9
3773 9
3774 9
3775 9
3776 9
3777 9
3778 9
3779 9
3780 9
3781 9
3782 9
3783 9
3784 9
3785 9
3786 9
3787 9
3788 9
3789 9
3790 9
3791 9
3792 9
3793 9
3794 9
3795 9
3796 9
3797 9
3798 9
3799 9
3800 9
3801 9
3802 9
3803 9
3804 9
3805 9
3806 9
3807 9
3808 9
3809 9
3810 9
3811 9
3812 9
3813 9
3814 9
3815 9
3816 9
3817 9
3818 9
3819 9
3820 9
3821 9
3822 9
3823 9
3824 9
3825 9
3826 9
3827 9
3828 9
3829 9
3830 9
3831 9
3832 9
3833 9
3834 9
3835 9
3836 9
3837 9
3838 9
3839 9
3840 9
3841 9
3842 9
3843 9
3844 9
3845 9
3846 9
3847 9
3848 9
3849 9
3850 9
3851 9
3852 9
3853 9
3854 9
3855 9
3856 9
3857 9
3858 9
3859 9
3860 9
3861 9
3862 9
3863 9
3864 9
3865 9
3866 9
3867 9
3868 9
3869 9
3870 9
3871 9
3872 9
3873 9
3874 9
3875 9
3876 9
3877 9
3878 9
3879 9
3880 9
3881 9
3882 9
3883 9
3884 9
3885 9
3886 9
3887 9
3888 9
3889 9
3890 9
3891 9
3892 9
3893 9
3894 9
3895 9
3896 9
3897 9
3898 9
3899 9
3900 9
3901 9
3902 9
3903 9
3904 9
3905 9
3906 9
3907 9
3908 9
3909 9
3910 9
3911 9
3912 9
3913 9
3914 9
3915 9
3916 9
3917 9
3918 9
3919 9
3920 9
3921 9
3922 9
3923 9
3924 9
3925 9
3926 9
3927 9
3928 9
3929 9
3930 9
3931 9
3932 9
3933 9
3934 9
3935 9
3936 9
3937 9
3938 9
3939 9
3940 9
3941 9
3942 9
3943 9
3944 9
3945 9
3946 9
3947 9
3948 9
3949 9
3950 9
3951 9
3952 9
3953 9
3954 9
3955 9
3956 9
3957 9
3958 9
3959 9
3960 9
3961 9
3962 9
3963 9
3964 9
3965 9
3966 9
3967 9
3968 9
3969 9
3970 9
3971 9
3972 9
3973 9
3974 9
3975 9
3976 9
3977 9
3978 9
3979 9
3980 9
3981 9
3982 9
3983 9
3984 9
3985 9
3986 9
3987 9
3988 9
3989 9
3990 9
3991 9
3992 9
3993 9
3994 9
3995 9
3996 9
3997 9
3998 9
3999 9
4000 9
3201 9
3202 9
3203 9
3204 9
3205 9
3206 9
3207 9
3208 9
3209 9
3210 9
3211 9
3212 9
3213 9
3214 9
3215 9
3216 9
3217 9
3218 9
3219 9
3220 9
3221 9
3222 9
3223 9
3224 9
3225 9
3226 9
3227 9
3228 9
3229 9
3230 9
3231 9
3232 9
3233 9
3234 9
3235 9
3236 9
3237 9
3238 9
3239 9
3240 9
3241 9
3242 9
3243 9
3244 9
3245 9
3246 9
3247 9
3248 9
3249 9
3250 9
3251 9
3252 9
3253 9
3254 9
3255 9
3256 9
3257 9
3258 9
3259 9
3260 9
3261 9
3262 9
3263 9
3264 9
3265 9
3266 9
3267 9
3268 9
3269 9
3270 9
3271 9
3272 9
3273 9
3274 9
3275 9
3276 9
3277 9
3278 9
3279 9
3280 9
3281 9
3282 9
3283 9
3284 9
3285 9
3286 9
3287 9
3288 9
3289 9
3290 9
3291 9
3292 9
3293 9
3294 9
3295 9
3296 9
3297 9
3298 9
3299 9
3300 9
3301 9
3302 9
3303 9
3304 9
3305 9
3306 9
3307 9
3308 9
3309 9
3310 9
3311 9
3312 9
3313 9
3314 9
3315 9
3316 9
3317 9
3318 9
3319 9
3320 9
3321 9
3322 9
3323 9
3324 9
3325 9
3326 9
3327 9
3328 9
3329 9
3330 9
3331 9
3332 9
3333 9
3334 9
3335 9
3336 9
3337 9
3338 9
3339 9
3340 9
3341 9
3342 9
3343 9
3344 9
3345 9
3346 9
3347 9
3348 9
3349 9
3350 9
3351 9
3352 9
3353 9
3354 9
3355 9
3356 9
3357 9
3358 9
3359 9
3360 9
3361 9
3362 9
3363 9
3364 9
3365 9
3366 9
3367 9
3368 9
3369 9
3370 9
3371 9
3372 9
3373 9
3374 9
3375 9
3376 9
3377 9
3378 9
3379 9
3380 9
3381 9
3382 9
3383 9
3384 9
3385 9
3386 9
3387 9
3388 9
3389 9
3390 9
3391 9
3392 9
3393 9
3394 9
3395 9
3396 9
3397 9
3398 9
3399 9
3400 9
3401 9
3402 9
3403 9
3404 9
3405 9
3406 9
3407 9
3408 9
3409 9
3410 9
3411 9
3412 9
3413 9
3414 9
3415 9
3416 9
3417 9
3418 9
3419 9
3420 9
3421 9
3422 9
3423 9
3424 9
3425 9
3426 9
3427 9
3428 9
3429 9
3430 9
3431 9
3432 9
3433 9
3434 9
3435 9
3436 9
3437 9
3438 9
3439 9
3440 9
3441 9
3442 9
3443 9
3444 9
3445 9
3446 9
3447 9
3448 9
3449 9
3450 9
3451 9
3452 9
3453 9
3454 9
3455 9
3456 9
3457 9
3458 9
3459 9
3460 9
3461 9
3462 9
3463 9
3464 9
3465 9
3466 9
3467 9
3468 9
3469 9
3470 9
3471 9
3472 9
3473 9
3474 9
3475 9
3476 9
3477 9
3478 9
3479 9
3480 9
3481 9
3482 9
3483 9
3484 9
3485 9
3486 9
3487 9
3488 9
3489 9
3490 9
3491 9
3492 9
3493 9
3494 9
3495 9
3496 9
3497 9
3498 9
3499 9
3500 9
3501 9
3502 9
3503 9
3504 9
3505 9
3506 9
3507 9
3508 9
3509 9
3510 9
3511 9
3512 9
3513 9
3514 9
3515 9
3516 9
3517 9
3518 9
3519 9
3520 9
3521 9
3522 9
3523 9
3524 9
3525 9
3526 9
3527 9
3528 9
3529 9
3530 9
3531 9
3532 9
3533 9
3534 9
3535 9
3536 9
3537 9
3538 9
3539 9
3540 9
3541 9
3542 9
3543 9
3544 9
3545 9
3546 9
3547 9
3548 9
3549 9
3550 9
3551 9
3552 9
3553 9
3554 9
3555 9
3556 9
3557 9
3558 9
3559 9
3560 9
3561 9
3562 9
3563 9
3564 9
3565 9
3566 9
3567 9
3568 9
3569 9
3570 9
3571 9
3572 9
3573 9
3574 9
3575 9
3576 9
3577 9
3578 9
3579 9
3580 9
3581 9
3582 9
3583 9
3584 9
3585 9
3586 9
3587 9
3588 9
3589 9
3590 9
3591 9
3592 9
3593 9
3594 9
3595 9
3596 9
3597 9
3598 9
3599 9
3600 9
3601 9
3602 9
3603 9
3604 9
3605 9
3606 9
3607 9
3608 9
3609 9
3610 9
3611 9
3612 9
3613 9
3614 9
3615 9
3616 9
3617 9
3618 9
3619 9
3620 9
3621 9
3622 9
3623 9
3624 9
3625 9
3626 9
3627 9
3628 9
3629 9
3630 9
3631 9
3632 9
3633 9
3634 9
3635 9
3636 9
3637 9
3638 9
3639 9
3640 9
3641 9
3642 9
3643 9
3644 9
3645 9
3646 9
3647 9
3648 9
3649 9
3650 9
3651 9
3652 9
3653 9
3654 9
3655 9
3656 9
3657 9
3658 9
3659 9
3660 9
3661 9
3662 9
3663 9
3664 9
3665 9
3666 9
3667 9
3668 9
3669 9
3670 9
3671 9
3672 9
3673 9
3674 9
3675 9
3676 9
3677 9
3678 9
3679 9
3680 9
3681 9
3682 9
3683 9
3684 9
3685 9
3686 9
3687 9
3688 9
3689 9
3690 9
3691 9
3692 9
3693 9
3694 9
3695 9
3696 9
3697 9
3698 9
3699 9
3700 9
3701 9
3702 9
3703 9
3704 9
3705 9
3706 9
3707 9
3708 9
3709 9
3710 9
3711 9
3712 9
3713 9
3714 9
3715 9
3716 9
3717 9
3718 9
3719 9
3720 9
3721 9
3722 9
3723 9
3724 9
3725 9
3726 9
3727 9
3728 9
3729 9
3730 9
3731 9
3732 9
3733 9
3734 9
3735 9
3736 9
3737 9
3738 9
3739 9
3740 9
3741 9
3742 9
3743 9
3744 9
3745 9
3746 9
3747 9
3748 9
3749 9
3750 9
3751 9
3752 9
3753 9
3754 9
3755 9
3756 9
3757 9
3758 9
3759 9
3760 9
3761 9
3762 9
3763 9
3764 9
3765 9
3766 9
3767 9
3768 9
3769 9
3770 9
3771 9
3772 9
3773 9
3774 9
3775 9
3776 9
3777 9
3778 9
3779 9
3780 9
3781 9
3782 9
3783 9
3784 9
3785 9
3786 9
3787 9
3788 9
3789 9
3790 9
3791 9
3792 9
3793 9
3794 9
3795 9
3796 9
3797 9
3798 9
3799 9
3800 9
3801 9
3802 9
3803 9
3804 9
3805 9
3806 9
3807 9
3808 9
3809 9
3810 9
3811 9
3812 9
3813 9
3814 9
3815 9
3816 9
3817 9
3818 9
3819 9
3820 9
3821 9
3822 9
3823 9
3824 9
3825 9
3826 9
3827 9
3828 9
3829 9
3830 9
3831 9
3832 9
3833 9
3834 9
3835 9
3836 9
3837 9
3838 9
3839 9
3840 9
3841 9
3842 9
3843 9
3844 9
3845 9
3846 9
3847 9
3848 9
3849 9
3850 9
3851 9
3852 9
3853 9
3854 9
3855 9
3856 9
3857 9
3858 9
3859 9
3860 9
3861 9
3862 9
3863 9
3864 9
3865 9
3866 9
3867 9
3868 9
3869 9
3870 9
3871 9
3872 9
3873 9
3874 9
3875 9
3876 9
3877 9
3878 9
3879 9
3880 9
3881 9
3882 9
3883 9
3884 9
3885 9
3886 9
3887 9
3888 9
3889 9
3890 9
3891 9
3892 9
3893 9
3894 9
3895 9
3896 9
3897 9
3898 9
3899 9
3900 9
3901 9
3902 9
3903 9
3904 9
3905 9
3906 9
3907 9
3908 9
3909 9
3910 9
3911 9
3912 9
3913 9
3914 9
3915 9
3916 9
3917 9
3918 9
3919 9
3920 9
3921 9
3922 9
3923 9
3924 9
3925 9
3926 9
3927 9
3928 9
3929 9
3930 9
3931 9
3932 9
3933 9
3934 9
3935 9
3936 9
3937 9
3938 9
3939 9
3940 9
3941 9
3942 9
3943 9
3944 9
3945 9
3946 9
3947 9
3948 9
3949 9
3950 9
3951 9
3952 9
3953 9
3954 9
3955 9
3956 9
3957 9
3958 9
3959 9
3960 9
3961 9
3962 9
3963 9
3964 9
3965 9
3966 9
3967 9
3968 9
3969 9
3970 9
3971 9
3972 9
3973 9
3974 9
3975 9
3976 9
3977 9
3978 9
3979 9
3980 9
3981 9
3982 9
3983 9
3984 9
3985 9
3986 9
3987 9
3988 9
3989 9
3990 9
3991 9
3992 9
3993 9
3994 9
3995 9
3996 9
3997 9
3998 9
3999 9
4000 9
3201 9
3202 9
3203 9
3204 9
3205 9
3206 9
3207 9
3208 9
3209 9
3210 9
3211 9
3212 9
3213 9
3214 9
3215 9
3216 9
3217 9
3218 9
3219 9
3220 9
3221 9
3222 9
3223 9
3224 9
3225 9
3226 9
3227 9
3228 9
3229 9
3230 9
3231 9
3232 9
3233 9
3234 9
3235 9
3236 9
3237 9
3238 9
3239 9
3240 9
3241 9
3242 9
3243 9
3244 9
3245 9
3246 9
3247 9
3248 9
3249 9
3250 9
3251 9
3252 9
3253 9
3254 9
3255 9
3256 9
3257 9
3258 9
3259 9
3260 9
3261 9
3262 9
3263 9
3264 9
3265 9
3266 9
3267 9
3268 9
3269 9
3270 9
3271 9
3272 9
3273 9
3274 9
3275 9
3276 9
3277 9
3278 9
3279 9
3280 9
3281 9
3282 9
3283 9
3284 9
3285 9
3286 9
3287 9
3288 9
3289 9
3290 9
3291 9
3292 9
3293 9
3294 9
3295 9
3296 9
3297 9
3298 9
3299 9
3300 9
3301 9
3302 9
3303 9
3304 9
3305 9
3306 9
3307 9
3308 9
3309 9
3310 9
3311 9
3312 9
3313 9
3314 9
3315 9
3316 9
3317 9
3318 9
3319 9
3320 9
3321 9
3322 9
3323 9
3324 9
3325 9
3326 9
3327 9
3328 9
3329 9
3330 9
3331 9
3332 9
3333 9
3334 9
3335 9
3336 9
3337 9
3338 9
3339 9
3340 9
3341 9
3342 9
3343 9
3344 9
3345 9
3346 9
3347 9
3348 9
3349 9
3350 9
3351 9
3352 9
3353 9
3354 9
3355 9
3356 9
3357 9
3358 9
3359 9
3360 9
3361 9
3362 9
3363 9
3364 9
3365 9
3366 9
3367 9
3368 9
3369 9
3370 9
3371 9
3372 9
3373 9
3374 9
3375 9
3376 9
3377 9
3378 9
3379 9
3380 9
3381 9
3382 9
3383 9
3384 9
3385 9
3386 9
3387 9
3388 9
3389 9
3390 9
3391 9
3392 9
3393 9
3394 9
3395 9
3396 9
3397 9
3398 9
3399 9
3400 9
3401 9
3402 9
3403 9
3404 9
3405 9
3406 9
3407 9
3408 9
3409 9
3410 9
3411 9
3412 9
3413 9
3414 9
3415 9
3416 9
3417 9
3418 9
3419 9
3420 9
3421 9
3422 9
3423 9
3424 9
3425 9
3426 9
3427 9
3428 9
3429 9
3430 9
3431 9
3432 9
3433 9
3434 9
3435 9
3436 9
3437 9
3438 9
3439 9
3440 9
3441 9
3442 9
3443 9
3444 9
3445 9
3446 9
3447 9
3448 9
3449 9
3450 9
3451 9
3452 9
3453 9
3454 9
3455 9
3456 9
3457 9
3458 9
3459 9
3460 9
3461 9
3462 9
3463 9
3464 9
3465 9
3466 9
3467 9
3468 9
3469 9
3470 9
3471 9
3472 9
3473 9
3474 9
3475 9
3476 9
3477 9
3478 9
3479 9
3480 9
3481 9
3482 9
3483 9
3484 9
3485 9
3486 9
3487 9
3488 9
3489 9
3490 9
3491 9
3492 9
3493 9
3494 9
3495 9
3496 9
3497 9
3498 9
3499 9
3500 9
3501 9
3502 9
3503 9
3504 9
3505 9
3506 9
3507 9
3508 9
3509 9
3510 9
3511 9
3512 9
3513 9
3514 9
3515 9
3516 9
3517 9
3518 9
3519 9
3520 9
3521 9
3522 9
3523 9
3524 9
3525 9
3526 9
3527 9
3528 9
3529 9
3530 9
3531 9
3532 9
3533 9
3534 9
3535 9
3536 9
3537 9
3538 9
3539 9
3540 9
3541 9
3542 9
3543 9
3544 9
3545 9
3546 9
3547 9
3548 9
3549 9
3550 9
3551 9
3552 9
3553 9
3554 9
3555 9
3556 9
3557 9
3558 9
3559 9
3560 9
3561 9
3562 9
3563 9
3564 9
3565 9
3566 9
3567 9
3568 9
3569 9
3570 9
3571 9
3572 9
3573 9
3574 9
3575 9
3576 9
3577 9
3578 9
3579 9
3580 9
3581 9
3582 9
3583 9
3584 9
3585 9
3586 9
3587 9
3588 9
3589 9
3590 9
3591 9
3592 9
3593 9
3594 9
3595 9
3596 9
3597 9
3598 9
3599 9
3600 9
3601 9
3602 9
3603 9
3604 9
3605 9
3606 9
3607 9
3608 9
3609 9
3610 9
3611 9
3612 9
3613 9
3614 9
3615 9
3616 9
3617 9
3618 9
3619 9
3620 9
3621 9
3622 9
3623 9
3624 9
3625 9
3626 9
3627 9
3628 9
3629 9
3630 9
3631 9
3632 9
3633 9
3634 9
3635 9
3636 9
3637 9
3638 9
3639 9
3640 9
3641 9
3642 9
3643 9
3644 9
3645 9
3646 9
3647 9
3648 9
3649 9
3650 9
3651 9
3652 9
3653 9
3654 9
3655 9
3656 9
3657 9
3658 9
3659 9
3660 9
3661 9
3662 9
3663 9
3664 9
3665 9
3666 9
3667 9
3668 9
3669 9
3670 9
3671 9
3672 9
3673 9
3674 9
3675 9
3676 9
3677 9
3678 9
3679 9
3680 9
3681 9
3682 9
3683 9
3684 9
3685 9
3686 9
3687 9
3688 9
3689 9
3690 9
3691 9
3692 9
3693 9
3694 9
3695 9
3696 9
3697 9
3698 9
3699 9
3700 9
3701 9
3702 9
3703 9
3704 9
3705 9
3706 9
3707 9
3708 9
3709 9
3710 9
3711 9
3712 9
3713 9
3714 9
3715 9
3716 9
3717 9
3718 9
3719 9
3720 9
3721 9
3722 9
3723 9
3724 9
3725 9
3726 9
3727 9
3728 9
3729 9
3730 9
3731 9
3732 9
3733 9
3734 9
3735 9
3736 9
3737 9
3738 9
3739 9
3740 9
3741 9
3742 9
3743 9
3744 9
3745 9
3746 9
3747 9
3748 9
3749 9
3750 9
3751 9
3752 9
3753 9
3754 9
3755 9
3756 9
3757 9
3758 9
3759 9
3760 9
3761 9
3762 9
3763 9
3764 9
3765 9
3766 9
3767 9
3768 9
3769 9
3770 9
3771 9
3772 9
3773 9
3774 9
3775 9
3776 9
3777 9
3778 9
3779 9
3780 9
3781 9
3782 9
3783 9
3784 9
3785 9
3786 9
3787 9
3788 9
3789 9
3790 9
3791 9
3792 9
3793 9
3794 9
3795 9
3796 9
3797 9
3798 9
3799 9
3800 9
3801 9
3802 9
3803 9
3804 9
3805 9
3806 9
3807 9
3808 9
3809 9
3810 9
3811 9
3812 9
3813 9
3814 9
3815 9
3816 9
3817 9
3818 9
3819 9
3820 9
3821 9
3822 9
3823 9
3824 9
3825 9
3826 9
3827 9
3828 9
3829 9
3830 9
3831 9
3832 9
3833 9
3834 9
3835 9
3836 9
3837 9
3838 9
3839 9
3840 9
3841 9
3842 9
3843 9
3844 9
3845 9
3846 9
3847 9
3848 9
3849 9
3850 9
3851 9
3852 9
3853 9
3854 9
3855 9
3856 9
3857 9
3858 9
3859 9
3860 9
3861 9
3862 9
3863 9
3864 9
3865 9
3866 9
3867 9
3868 9
3869 9
3870 9
3871 9
3872 9
3873 9
3874 9
3875 9
3876 9
3877 9
3878 9
3879 9
3880 9
3881 9
3882 9
3883 9
3884 9
3885 9
3886 9
3887 9
3888 9
3889 9
3890 9
3891 9
3892 9
3893 9
3894 9
3895 9
3896 9
3897 9
3898 9
3899 9
3900 9
3901 9
3902 9
3903 9
3904 9
3905 9
3906 9
3907 9
3908 9
3909 9
3910 9
3911 9
3912 9
3913 9
3914 9
3915 9
3916 9
3917 9
3918 9
3919 9
3920 9
3921 9
3922 9
3923 9
3924 9
3925 9
3926 9
3927 9
3928 9
3929 9
3930 9
3931 9
3932 9
3933 9
3934 9
3935 9
3936 9
3937 9
3938 9
3939 9
3940 9
3941 9
3942 9
3943 9
3944 9
3945 9
3946 9
3947 9
3948 9
3949 9
3950 9
3951 9
3952 9
3953 9
3954 9
3955 9
3956 9
3957 9
3958 9
3959 9
3960 9
3961 9
3962 9
3963 9
3964 9
3965 9
3966 9
3967 9
3968 9
3969 9
3970 9
3971 9
3972 9
3973 9
3974 9
3975 9
3976 9
3977 9
3978 9
3979 9
3980 9
3981 9
3982 9
3983 9
3984 9
3985 9
3986 9
3987 9
3988 9
3989 9
3990 9
3991 9
3992 9
3993 9
3994 9
3995 9
3996 9
3997 9
3998 9
3999 9
4000 9
3201 9
3202 9
3203 9
3204 9
3205 9
3206 9
3207 9
3208 9
3209 9
3210 9
3211 9
3212 9
3213 9
3214 9
3215 9
3216 9
3217 9
3218 9
3219 9
3220 9
3221 9
3222 9
3223 9
3224 9
3225 9
3226 9
3227 9
3228 9
3229 9
3230 9
3231 9
3232 9
3233 9
3234 9
3235 9
3236 9
3237 9
3238 9
3239 9
3240 9
3241 9
3242 9
3243 9
3244 9
3245 9
3246 9
3247 9
3248 9
3249 9
3250 9
3251 9
3252 9
3253 9
3254 9
3255 9
3256 9
3257 9
3258 9
3259 9
3260 9
3261 9
3262 9
3263 9
3264 9
3265 9
3266 9
3267 9
3268 9
3269 9
3270 9
3271 9
3272 9
3273 9
3274 9
3275 9
3276 9
3277 9
3278 9
3279 9
3280 9
3281 9
3282 9
3283 9
3284 9
3285 9
3286 9
3287 9
3288 9
3289 9
3290 9
3291 9
3292 9
3293 9
3294 9
3295 9
3296 9
3297 9
3298 9
3299 9
3300 9
3301 9
3302 9
3303 9
3304 9
3305 9
3306 9
3307 9
3308 9
3309 9
3310 9
3311 9
3312 9
3313 9
3314 9
3315 9
3316 9
3317 9
3318 9
3319 9
3320 9
3321 9
3322 9
3323 9
3324 9
3325 9
3326 9
3327 9
3328 9
3329 9
3330 9
3331 9
3332 9
3333 9
3334 9
3335 9
3336 9
3337 9
3338 9
3339 9
3340 9
3341 9
3342 9
3343 9
3344 9
3345 9
3346 9
3347 9
3348 9
3349 9
3350 9
3351 9
3352 9
3353 9
3354 9
3355 9
3356 9
3357 9
3358 9
3359 9
3360 9
3361 9
3362 9
3363 9
3364 9
3365 9
3366 9
3367 9
3368 9
3369 9
3370 9
3371 9
3372 9
3373 9
3374 9
3375 9
3376 9
3377 9
3378 9
3379 9
3380 9
3381 9
3382 9
3383 9
3384 9
3385 9
3386 9
3387 9
3388 9
3389 9
3390 9
3391 9
3392 9
3393 9
3394 9
3395 9
3396 9
3397 9
3398 9
3399 9
3400 9
3401 9
3402 9
3403 9
3404 9
3405 9
3406 9
3407 9
3408 9
3409 9
3410 9
3411 9
3412 9
3413 9
3414 9
3415 9
3416 9
3417 9
3418 9
3419 9
3420 9
3421 9
3422 9
3423 9
3424 9
3425 9
3426 9
3427 9
3428 9
3429 9
3430 9
3431 9
3432 9
3433 9
3434 9
3435 9
3436 9
3437 9
3438 9
3439 9
3440 9
3441 9
3442 9
3443 9
3444 9
3445 9
3446 9
3447 9
3448 9
3449 9
3450 9
3451 9
3452 9
3453 9
3454 9
3455 9
3456 9
3457 9
3458 9
3459 9
3460 9
3461 9
3462 9
3463 9
3464 9
3465 9
3466 9
3467 9
3468 9
3469 9
3470 9
3471 9
3472 9
3473 9
3474 9
3475 9
3476 9
3477 9
3478 9
3479 9
3480 9
3481 9
3482 9
3483 9
3484 9
3485 9
3486 9
3487 9
3488 9
3489 9
3490 9
3491 9
3492 9
3493 9
3494 9
3495 9
3496 9
3497 9
3498 9
3499 9
3500 9
3501 9
3502 9
3503 9
3504 9
3505 9
3506 9
3507 9
3508 9
3509 9
3510 9
3511 9
3512 9
3513 9
3514 9
3515 9
3516 9
3517 9
3518 9
3519 9
3520 9
3521 9
3522 9
3523 9
3524 9
3525 9
3526 9
3527 9
3528 9
3529 9
3530 9
3531 9
3532 9
3533 9
3534 9
3535 9
3536 9
3537 9
3538 9
3539 9
3540 9
3541 9
3542 9
3543 9
3544 9
3545 9
3546 9
3547 9
3548 9
3549 9
3550 9
3551 9
3552 9
3553 9
3554 9
3555 9
3556 9
3557 9
3558 9
3559 9
3560 9
3561 9
3562 9
3563 9
3564 9
3565 9
3566 9
3567 9
3568 9
3569 9
3570 9
3571 9
3572 9
3573 9
3574 9
3575 9
3576 9
3577 9
3578 9
3579 9
3580 9
3581 9
3582 9
3583 9
3584 9
3585 9
3586 9
3587 9
3588 9
3589 9
3590 9
3591 9
3592 9
3593 9
3594 9
3595 9
3596 9
3597 9
3598 9
3599 9
3600 9
3601 9
3602 9
3603 9
3604 9
3605 9
3606 9
3607 9
3608 9
3609 9
3610 9
3611 9
3612 9
3613 9
3614 9
3615 9
3616 9
3617 9
3618 9
3619 9
3620 9
3621 9
3622 9
3623 9
3624 9
3625 9
3626 9
3627 9
3628 9
3629 9
3630 9
3631 9
3632 9
3633 9
3634 9
3635 9
3636 9
3637 9
3638 9
3639 9
3640 9
3641 9
3642 9
3643 9
3644 9
3645 9
3646 9
3647 9
3648 9
3649 9
3650 9
3651 9
3652 9
3653 9
3654 9
3655 9
3656 9
3657 9
3658 9
3659 9
3660 9
3661 9
3662 9
3663 9
3664 9
3665 9
3666 9
3667 9
3668 9
3669 9
3670 9
3671 9
3672 9
3673 9
3674 9
3675 9
3676 9
3677 9
3678 9
3679 9
3680 9
3681 9
3682 9
3683 9
3684 9
3685 9
3686 9
3687 9
3688 9
3689 9
3690 9
3691 9
3692 9
3693 9
3694 9
3695 9
3696 9
3697 9
3698 9
3699 9
3700 9
3701 9
3702 9
3703 9
3704 9
3705 9
3706 9
3707 9
3708 9
3709 9
3710 9
3711 9
3712 9
3713 9
3714 9
3715 9
3716 9
3717 9
3718 9
3719 9
3720 9
3721 9
3722 9
3723 9
3724 9
3725 9
3726 9
3727 9
3728 9
3729 9
3730 9
3731 9
3732 9
3733 9
3734 9
3735 9
3736 9
3737 9
3738 9
3739 9
3740 9
3741 9
3742 9
3743 9
3744 9
3745 9
3746 9
3747 9
3748 9
3749 9
3750 9
3751 9
3752 9
3753 9
3754 9
3755 9
3756 9
3757 9
3758 9
3759 9
3760 9
3761 9
3762 9
3763 9
3764 9
3765 9
3766 9
3767 9
3768 9
3769 9
3770 9
3771 9
3772 9
3773 9
3774 9
3775 9
3776 9
3777 9
3778 9
3779 9
3780 9
3781 9
3782 9
3783 9
3784 9
3785 9
3786 9
3787 9
3788 9
3789 9
3790 9
3791 9
3792 9
3793 9
3794 9
3795 9
3796 9
3797 9
3798 9
3799 9
3800 9
3801 9
3802 9
3803 9
3804 9
3805 9
3806 9
3807 9
3808 9
3809 9
3810 9
3811 9
3812 9
3813 9
3814 9
3815 9
3816 9
3817 9
3818 9
3819 9
3820 9
3821 9
3822 9
3823 9
3824 9
3825 9
3826 9
3827 9
3828 9
3829 9
3830 9
3831 9
3832 9
3833 9
3834 9
3835 9
3836 9
3837 9
3838 9
3839 9
3840 9
3841 9
3842 9
3843 9
3844 9
3845 9
3846 9
3847 9
3848 9
3849 9
3850 9
3851 9
3852 9
3853 9
3854 9
3855 9
3856 9
3857 9
3858 9
3859 9
3860 9
3861 9
3862 9
3863 9
3864 9
3865 9
3866 9
3867 9
3868 9
3869 9
3870 9
3871 9
3872 9
3873 9
3874 9
3875 9
3876 9
3877 9
3878 9
3879 9
3880 9
3881 9
3882 9
3883 9
3884 9
3885 9
3886 9
3887 9
3888 9
3889 9
3890 9
3891 9
3892 9
3893 9
3894 9
3895 9
3896 9
3897 9
3898 9
3899 9
3900 9
3901 9
3902 9
3903 9
3904 9
3905 9
3906 9
3907 9
3908 9
3909 9
3910 9
3911 9
3912 9
3913 9
3914 9
3915 9
3916 9
3917 9
3918 9
3919 9
3920 9
3921 9
3922 9
3923 9
3924 9
3925 9
3926 9
3927 9
3928 9
3929 9
3930 9
3931 9
3932 9
3933 9
3934 9
3935 9
3936 9
3937 9
3938 9
3939 9
3940 9
3941 9
3942 9
3943 9
3944 9
3945 9
3946 9
3947 9
3948 9
3949 9
3950 9
3951 9
3952 9
3953 9
3954 9
3955 9
3956 9
3957 9
3958 9
3959 9
3960 9
3961 9
3962 9
3963 9
3964 9
3965 9
3966 9
3967 9
3968 9
3969 9
3970 9
3971 9
3972 9
3973 9
3974 9
3975 9
3976 9
3977 9
3978 9
3979 9
3980 9
3981 9
3982 9
3983 9
3984 9
3985 9
3986 9
3987 9
3988 9
3989 9
3990 9
3991 9
3992 9
3993 9
3994 9
3995 9
3996 9
3997 9
3998 9
3999 9
4000 9
